photo_id|owner_id|page_id|camera|camera_type|filename|data
2416127987|70202166@N00|7668|Fujifilm FinePix S5Pro|Fujifilm|70202166@N00_Fujifilm_2e10b77e.json|"{""id"": ""2416127987"", ""owner"": ""70202166@N00"", ""title"": ""DSCF3856"", ""realname"": """", ""ownername"": ""黑麵之路‧不由分說"", ""datetaken"": ""2008-04-13 11:37:17"", ""max_width"": 492, ""max_height"": 736, ""url_max"": ""https://live.staticflickr.com/3067/2416127987_c8588e3070_c.jpg"", ""max_width_2000"": 492, ""max_height_2000"": 736, ""url_max_2000"": ""https://live.staticflickr.com/3067/2416127987_c8588e3070_c.jpg"", ""flickr_page"": ""https://www.flickr.com/photos/70202166@N00/2416127987"", ""camera"": ""Fujifilm FinePix S5Pro"", ""create_date"": ""2008:04:13 11:37:17"", ""lens_model"": """", ""iso"": ""400"", ""exposure_time"": ""1/100"", ""exposure_program"": ""Manual"", ""exposure_compensation"": ""0"", ""aperture"": ""3.5"", ""focal_length"": ""42.0 mm"", ""focal_length_in35mm"": ""63 mm"", ""white_balance"": ""Manual"", ""metering_mode"": ""Multi-segment"", ""flash"": ""Off, Did not fire"", ""pageid"": ""7668""}"
2416128523|70202166@N00|7668|Fujifilm FinePix S5Pro|Fujifilm|70202166@N00_Fujifilm_2e10b77e.json|"{""id"": ""2416128523"", ""owner"": ""70202166@N00"", ""title"": ""DSCF3860"", ""realname"": """", ""ownername"": ""黑麵之路‧不由分說"", ""datetaken"": ""2008-04-13 11:37:39"", ""max_width"": 492, ""max_height"": 736, ""url_max"": ""https://live.staticflickr.com/2394/2416128523_d4bf70dd90_c.jpg"", ""max_width_2000"": 492, ""max_height_2000"": 736, ""url_max_2000"": ""https://live.staticflickr.com/2394/2416128523_d4bf70dd90_c.jpg"", ""flickr_page"": ""https://www.flickr.com/photos/70202166@N00/2416128523"", ""camera"": ""Fujifilm FinePix S5Pro"", ""create_date"": ""2008:04:13 11:37:39"", ""lens_model"": """", ""iso"": ""400"", ""exposure_time"": ""1/100"", ""exposure_program"": ""Manual"", ""exposure_compensation"": ""0"", ""aperture"": ""3.2"", ""focal_length"": ""31.0 mm"", ""focal_length_in35mm"": ""47 mm"", ""white_balance"": ""Manual"", ""metering_mode"": ""Multi-segment"", ""flash"": ""Off, Did not fire"", ""pageid"": ""7668""}"
2416947022|70202166@N00|7668|Fujifilm FinePix S5Pro|Fujifilm|70202166@N00_Fujifilm_2e10b77e.json|"{""id"": ""2416947022"", ""owner"": ""70202166@N00"", ""title"": ""DSCF3852"", ""realname"": """", ""ownername"": ""黑麵之路‧不由分說"", ""datetaken"": ""2008-04-13 11:37:09"", ""max_width"": 492, ""max_height"": 736, ""url_max"": ""https://live.staticflickr.com/3120/2416947022_ee9f8398f2_c.jpg"", ""max_width_2000"": 492, ""max_height_2000"": 736, ""url_max_2000"": ""https://live.staticflickr.com/3120/2416947022_ee9f8398f2_c.jpg"", ""flickr_page"": ""https://www.flickr.com/photos/70202166@N00/2416947022"", ""camera"": ""Fujifilm FinePix S5Pro"", ""create_date"": ""2008:04:13 11:37:09"", ""lens_model"": """", ""iso"": ""400"", ""exposure_time"": ""1/100"", ""exposure_program"": ""Manual"", ""exposure_compensation"": ""0"", ""aperture"": ""3.5"", ""focal_length"": ""44.0 mm"", ""focal_length_in35mm"": ""66 mm"", ""white_balance"": ""Manual"", ""metering_mode"": ""Multi-segment"", ""flash"": ""Off, Did not fire"", ""pageid"": ""7668""}"
2416947330|70202166@N00|7668|Fujifilm FinePix S5Pro|Fujifilm|70202166@N00_Fujifilm_2e10b77e.json|"{""id"": ""2416947330"", ""owner"": ""70202166@N00"", ""title"": ""DSCF3854"", ""realname"": """", ""ownername"": ""黑麵之路‧不由分說"", ""datetaken"": ""2008-04-13 11:37:12"", ""max_width"": 492, ""max_height"": 736, ""url_max"": ""https://live.staticflickr.com/3110/2416947330_d35fde5d39_c.jpg"", ""max_width_2000"": 492, ""max_height_2000"": 736, ""url_max_2000"": ""https://live.staticflickr.com/3110/2416947330_d35fde5d39_c.jpg"", ""flickr_page"": ""https://www.flickr.com/photos/70202166@N00/2416947330"", ""camera"": ""Fujifilm FinePix S5Pro"", ""create_date"": ""2008:04:13 11:37:12"", ""lens_model"": """", ""iso"": ""400"", ""exposure_time"": ""1/100"", ""exposure_program"": ""Manual"", ""exposure_compensation"": ""0"", ""aperture"": ""3.5"", ""focal_length"": ""42.0 mm"", ""focal_length_in35mm"": ""63 mm"", ""white_balance"": ""Manual"", ""metering_mode"": ""Multi-segment"", ""flash"": ""Off, Did not fire"", ""pageid"": ""7668""}"
2416948022|70202166@N00|7668|Fujifilm FinePix S5Pro|Fujifilm|70202166@N00_Fujifilm_2e10b77e.json|"{""id"": ""2416948022"", ""owner"": ""70202166@N00"", ""title"": ""DSCF3859"", ""realname"": """", ""ownername"": ""黑麵之路‧不由分說"", ""datetaken"": ""2008-04-13 11:37:37"", ""max_width"": 492, ""max_height"": 736, ""url_max"": ""https://live.staticflickr.com/3076/2416948022_5972df18b0_c.jpg"", ""max_width_2000"": 492, ""max_height_2000"": 736, ""url_max_2000"": ""https://live.staticflickr.com/3076/2416948022_5972df18b0_c.jpg"", ""flickr_page"": ""https://www.flickr.com/photos/70202166@N00/2416948022"", ""camera"": ""Fujifilm FinePix S5Pro"", ""create_date"": ""2008:04:13 11:37:37"", ""lens_model"": """", ""iso"": ""400"", ""exposure_time"": ""1/100"", ""exposure_program"": ""Manual"", ""exposure_compensation"": ""0"", ""aperture"": ""3.2"", ""focal_length"": ""31.0 mm"", ""focal_length_in35mm"": ""47 mm"", ""white_balance"": ""Manual"", ""metering_mode"": ""Multi-segment"", ""flash"": ""Off, Did not fire"", ""pageid"": ""7668""}"
2416947196|70202166@N00|7668|Fujifilm FinePix S5Pro|Fujifilm|70202166@N00_Fujifilm_2e10b77e.json|"{""id"": ""2416947196"", ""owner"": ""70202166@N00"", ""title"": ""DSCF3853"", ""realname"": """", ""ownername"": ""黑麵之路‧不由分說"", ""datetaken"": ""2008-04-13 11:37:11"", ""max_width"": 492, ""max_height"": 736, ""url_max"": ""https://live.staticflickr.com/2414/2416947196_e83ba44dbb_c.jpg"", ""max_width_2000"": 492, ""max_height_2000"": 736, ""url_max_2000"": ""https://live.staticflickr.com/2414/2416947196_e83ba44dbb_c.jpg"", ""flickr_page"": ""https://www.flickr.com/photos/70202166@N00/2416947196"", ""camera"": ""Fujifilm FinePix S5Pro"", ""create_date"": ""2008:04:13 11:37:11"", ""lens_model"": """", ""iso"": ""400"", ""exposure_time"": ""1/100"", ""exposure_program"": ""Manual"", ""exposure_compensation"": ""0"", ""aperture"": ""3.5"", ""focal_length"": ""48.0 mm"", ""focal_length_in35mm"": ""72 mm"", ""white_balance"": ""Manual"", ""metering_mode"": ""Multi-segment"", ""flash"": ""Off, Did not fire"", ""pageid"": ""7668""}"
2416948354|70202166@N00|7668|Fujifilm FinePix S5Pro|Fujifilm|70202166@N00_Fujifilm_2e10b77e.json|"{""id"": ""2416948354"", ""owner"": ""70202166@N00"", ""title"": ""DSCF3862"", ""realname"": """", ""ownername"": ""黑麵之路‧不由分說"", ""datetaken"": ""2008-04-13 11:37:44"", ""max_width"": 492, ""max_height"": 736, ""url_max"": ""https://live.staticflickr.com/3099/2416948354_d5f1d5e62d_c.jpg"", ""max_width_2000"": 492, ""max_height_2000"": 736, ""url_max_2000"": ""https://live.staticflickr.com/3099/2416948354_d5f1d5e62d_c.jpg"", ""flickr_page"": ""https://www.flickr.com/photos/70202166@N00/2416948354"", ""camera"": ""Fujifilm FinePix S5Pro"", ""create_date"": ""2008:04:13 11:37:44"", ""lens_model"": """", ""iso"": ""400"", ""exposure_time"": ""1/100"", ""exposure_program"": ""Manual"", ""exposure_compensation"": ""0"", ""aperture"": ""3.2"", ""focal_length"": ""26.0 mm"", ""focal_length_in35mm"": ""39 mm"", ""white_balance"": ""Manual"", ""metering_mode"": ""Multi-segment"", ""flash"": ""Off, Did not fire"", ""pageid"": ""7668""}"
2416947898|70202166@N00|7668|Fujifilm FinePix S5Pro|Fujifilm|70202166@N00_Fujifilm_2e10b77e.json|"{""id"": ""2416947898"", ""owner"": ""70202166@N00"", ""title"": ""DSCF3858"", ""realname"": """", ""ownername"": ""黑麵之路‧不由分說"", ""datetaken"": ""2008-04-13 11:37:34"", ""max_width"": 492, ""max_height"": 736, ""url_max"": ""https://live.staticflickr.com/2059/2416947898_069e195437_c.jpg"", ""max_width_2000"": 492, ""max_height_2000"": 736, ""url_max_2000"": ""https://live.staticflickr.com/2059/2416947898_069e195437_c.jpg"", ""flickr_page"": ""https://www.flickr.com/photos/70202166@N00/2416947898"", ""camera"": ""Fujifilm FinePix S5Pro"", ""create_date"": ""2008:04:13 11:37:34"", ""lens_model"": """", ""iso"": ""400"", ""exposure_time"": ""1/100"", ""exposure_program"": ""Manual"", ""exposure_compensation"": ""0"", ""aperture"": ""3.2"", ""focal_length"": ""48.0 mm"", ""focal_length_in35mm"": ""72 mm"", ""white_balance"": ""Manual"", ""metering_mode"": ""Multi-segment"", ""flash"": ""Off, Did not fire"", ""pageid"": ""7668""}"
2416948806|70202166@N00|7668|Fujifilm FinePix S5Pro|Fujifilm|70202166@N00_Fujifilm_2e10b77e.json|"{""id"": ""2416948806"", ""owner"": ""70202166@N00"", ""title"": ""DSCF3866"", ""realname"": """", ""ownername"": ""黑麵之路‧不由分說"", ""datetaken"": ""2008-04-13 11:40:59"", ""max_width"": 492, ""max_height"": 736, ""url_max"": ""https://live.staticflickr.com/2013/2416948806_207c154824_c.jpg"", ""max_width_2000"": 492, ""max_height_2000"": 736, ""url_max_2000"": ""https://live.staticflickr.com/2013/2416948806_207c154824_c.jpg"", ""flickr_page"": ""https://www.flickr.com/photos/70202166@N00/2416948806"", ""camera"": ""Fujifilm FinePix S5Pro"", ""create_date"": ""2008:04:13 11:40:59"", ""lens_model"": """", ""iso"": ""800"", ""exposure_time"": ""1/60"", ""exposure_program"": ""Manual"", ""exposure_compensation"": ""0"", ""aperture"": ""3.5"", ""focal_length"": ""31.0 mm"", ""focal_length_in35mm"": ""47 mm"", ""white_balance"": ""Manual"", ""metering_mode"": ""Multi-segment"", ""flash"": ""Off, Did not fire"", ""pageid"": ""7668""}"
2416948676|70202166@N00|7668|Fujifilm FinePix S5Pro|Fujifilm|70202166@N00_Fujifilm_2e10b77e.json|"{""id"": ""2416948676"", ""owner"": ""70202166@N00"", ""title"": ""DSCF3865"", ""realname"": """", ""ownername"": ""黑麵之路‧不由分說"", ""datetaken"": ""2008-04-13 11:40:52"", ""max_width"": 736, ""max_height"": 492, ""url_max"": ""https://live.staticflickr.com/3194/2416948676_8baef0c94f_c.jpg"", ""max_width_2000"": 736, ""max_height_2000"": 492, ""url_max_2000"": ""https://live.staticflickr.com/3194/2416948676_8baef0c94f_c.jpg"", ""flickr_page"": ""https://www.flickr.com/photos/70202166@N00/2416948676"", ""camera"": ""Fujifilm FinePix S5Pro"", ""create_date"": ""2008:04:13 11:40:52"", ""lens_model"": """", ""iso"": ""400"", ""exposure_time"": ""1/60"", ""exposure_program"": ""Manual"", ""exposure_compensation"": ""0"", ""aperture"": ""3.5"", ""focal_length"": ""31.0 mm"", ""focal_length_in35mm"": ""47 mm"", ""white_balance"": ""Manual"", ""metering_mode"": ""Multi-segment"", ""flash"": ""Off, Did not fire"", ""pageid"": ""7668""}"
2416948576|70202166@N00|7668|Fujifilm FinePix S5Pro|Fujifilm|70202166@N00_Fujifilm_2e10b77e.json|"{""id"": ""2416948576"", ""owner"": ""70202166@N00"", ""title"": ""DSCF3864"", ""realname"": """", ""ownername"": ""黑麵之路‧不由分說"", ""datetaken"": ""2008-04-13 11:38:00"", ""max_width"": 492, ""max_height"": 736, ""url_max"": ""https://live.staticflickr.com/2059/2416948576_407b23b99a_c.jpg"", ""max_width_2000"": 492, ""max_height_2000"": 736, ""url_max_2000"": ""https://live.staticflickr.com/2059/2416948576_407b23b99a_c.jpg"", ""flickr_page"": ""https://www.flickr.com/photos/70202166@N00/2416948576"", ""camera"": ""Fujifilm FinePix S5Pro"", ""create_date"": ""2008:04:13 11:38:00"", ""lens_model"": """", ""iso"": ""400"", ""exposure_time"": ""1/100"", ""exposure_program"": ""Manual"", ""exposure_compensation"": ""0"", ""aperture"": ""3.2"", ""focal_length"": ""24.0 mm"", ""focal_length_in35mm"": ""36 mm"", ""white_balance"": ""Manual"", ""metering_mode"": ""Multi-segment"", ""flash"": ""Off, Did not fire"", ""pageid"": ""7668""}"
2416948466|70202166@N00|7668|Fujifilm FinePix S5Pro|Fujifilm|70202166@N00_Fujifilm_2e10b77e.json|"{""id"": ""2416948466"", ""owner"": ""70202166@N00"", ""title"": ""DSCF3863"", ""realname"": """", ""ownername"": ""黑麵之路‧不由分說"", ""datetaken"": ""2008-04-13 11:37:46"", ""max_width"": 492, ""max_height"": 736, ""url_max"": ""https://live.staticflickr.com/3260/2416948466_395de0fdc6_c.jpg"", ""max_width_2000"": 492, ""max_height_2000"": 736, ""url_max_2000"": ""https://live.staticflickr.com/3260/2416948466_395de0fdc6_c.jpg"", ""flickr_page"": ""https://www.flickr.com/photos/70202166@N00/2416948466"", ""camera"": ""Fujifilm FinePix S5Pro"", ""create_date"": ""2008:04:13 11:37:46"", ""lens_model"": """", ""iso"": ""400"", ""exposure_time"": ""1/100"", ""exposure_program"": ""Manual"", ""exposure_compensation"": ""0"", ""aperture"": ""3.2"", ""focal_length"": ""26.0 mm"", ""focal_length_in35mm"": ""39 mm"", ""white_balance"": ""Manual"", ""metering_mode"": ""Multi-segment"", ""flash"": ""Off, Did not fire"", ""pageid"": ""7668""}"
2416948922|70202166@N00|7668|Fujifilm FinePix S5Pro|Fujifilm|70202166@N00_Fujifilm_2e10b77e.json|"{""id"": ""2416948922"", ""owner"": ""70202166@N00"", ""title"": ""DSCF3867"", ""realname"": """", ""ownername"": ""黑麵之路‧不由分說"", ""datetaken"": ""2008-04-13 11:41:14"", ""max_width"": 492, ""max_height"": 736, ""url_max"": ""https://live.staticflickr.com/2389/2416948922_8f229849f4_c.jpg"", ""max_width_2000"": 492, ""max_height_2000"": 736, ""url_max_2000"": ""https://live.staticflickr.com/2389/2416948922_8f229849f4_c.jpg"", ""flickr_page"": ""https://www.flickr.com/photos/70202166@N00/2416948922"", ""camera"": ""Fujifilm FinePix S5Pro"", ""create_date"": ""2008:04:13 11:41:14"", ""lens_model"": """", ""iso"": ""800"", ""exposure_time"": ""1/100"", ""exposure_program"": ""Manual"", ""exposure_compensation"": ""0"", ""aperture"": ""4.0"", ""focal_length"": ""27.0 mm"", ""focal_length_in35mm"": ""41 mm"", ""white_balance"": ""Manual"", ""metering_mode"": ""Multi-segment"", ""flash"": ""Off, Did not fire"", ""pageid"": ""7668""}"
2416949426|70202166@N00|7668|Fujifilm FinePix S5Pro|Fujifilm|70202166@N00_Fujifilm_2e10b77e.json|"{""id"": ""2416949426"", ""owner"": ""70202166@N00"", ""title"": ""DSCF3870"", ""realname"": """", ""ownername"": ""黑麵之路‧不由分說"", ""datetaken"": ""2008-04-13 11:43:55"", ""max_width"": 492, ""max_height"": 736, ""url_max"": ""https://live.staticflickr.com/2144/2416949426_c7700c5651_c.jpg"", ""max_width_2000"": 492, ""max_height_2000"": 736, ""url_max_2000"": ""https://live.staticflickr.com/2144/2416949426_c7700c5651_c.jpg"", ""flickr_page"": ""https://www.flickr.com/photos/70202166@N00/2416949426"", ""camera"": ""Fujifilm FinePix S5Pro"", ""create_date"": ""2008:04:13 11:43:55"", ""lens_model"": """", ""iso"": ""800"", ""exposure_time"": ""1/100"", ""exposure_program"": ""Manual"", ""exposure_compensation"": ""0"", ""aperture"": ""4.0"", ""focal_length"": ""38.0 mm"", ""focal_length_in35mm"": ""57 mm"", ""white_balance"": ""Manual"", ""metering_mode"": ""Multi-segment"", ""flash"": ""Off, Did not fire"", ""pageid"": ""7668""}"
2416949184|70202166@N00|7668|Fujifilm FinePix S5Pro|Fujifilm|70202166@N00_Fujifilm_2e10b77e.json|"{""id"": ""2416949184"", ""owner"": ""70202166@N00"", ""title"": ""DSCF3869"", ""realname"": """", ""ownername"": ""黑麵之路‧不由分說"", ""datetaken"": ""2008-04-13 11:42:49"", ""max_width"": 492, ""max_height"": 736, ""url_max"": ""https://live.staticflickr.com/2064/2416949184_a07c6462e0_c.jpg"", ""max_width_2000"": 492, ""max_height_2000"": 736, ""url_max_2000"": ""https://live.staticflickr.com/2064/2416949184_a07c6462e0_c.jpg"", ""flickr_page"": ""https://www.flickr.com/photos/70202166@N00/2416949184"", ""camera"": ""Fujifilm FinePix S5Pro"", ""create_date"": ""2008:04:13 11:42:49"", ""lens_model"": """", ""iso"": ""800"", ""exposure_time"": ""1/100"", ""exposure_program"": ""Manual"", ""exposure_compensation"": ""0"", ""aperture"": ""4.0"", ""focal_length"": ""34.0 mm"", ""focal_length_in35mm"": ""51 mm"", ""white_balance"": ""Manual"", ""metering_mode"": ""Multi-segment"", ""flash"": ""Off, Did not fire"", ""pageid"": ""7668""}"
2416949904|70202166@N00|7668|Fujifilm FinePix S5Pro|Fujifilm|70202166@N00_Fujifilm_2e10b77e.json|"{""id"": ""2416949904"", ""owner"": ""70202166@N00"", ""title"": ""DSCF3872"", ""realname"": """", ""ownername"": ""黑麵之路‧不由分說"", ""datetaken"": ""2008-04-13 11:44:13"", ""max_width"": 492, ""max_height"": 736, ""url_max"": ""https://live.staticflickr.com/2169/2416949904_f470e43623_c.jpg"", ""max_width_2000"": 492, ""max_height_2000"": 736, ""url_max_2000"": ""https://live.staticflickr.com/2169/2416949904_f470e43623_c.jpg"", ""flickr_page"": ""https://www.flickr.com/photos/70202166@N00/2416949904"", ""camera"": ""Fujifilm FinePix S5Pro"", ""create_date"": ""2008:04:13 11:44:13"", ""lens_model"": """", ""iso"": ""800"", ""exposure_time"": ""1/125"", ""exposure_program"": ""Manual"", ""exposure_compensation"": ""0"", ""aperture"": ""4.0"", ""focal_length"": ""40.0 mm"", ""focal_length_in35mm"": ""60 mm"", ""white_balance"": ""Manual"", ""metering_mode"": ""Multi-segment"", ""flash"": ""Off, Did not fire"", ""pageid"": ""7668""}"
2416950196|70202166@N00|7668|Fujifilm FinePix S5Pro|Fujifilm|70202166@N00_Fujifilm_2e10b77e.json|"{""id"": ""2416950196"", ""owner"": ""70202166@N00"", ""title"": ""DSCF3873"", ""realname"": """", ""ownername"": ""黑麵之路‧不由分說"", ""datetaken"": ""2008-04-13 11:44:16"", ""max_width"": 492, ""max_height"": 736, ""url_max"": ""https://live.staticflickr.com/3212/2416950196_0a5a3bef4a_c.jpg"", ""max_width_2000"": 492, ""max_height_2000"": 736, ""url_max_2000"": ""https://live.staticflickr.com/3212/2416950196_0a5a3bef4a_c.jpg"", ""flickr_page"": ""https://www.flickr.com/photos/70202166@N00/2416950196"", ""camera"": ""Fujifilm FinePix S5Pro"", ""create_date"": ""2008:04:13 11:44:16"", ""lens_model"": """", ""iso"": ""800"", ""exposure_time"": ""1/125"", ""exposure_program"": ""Manual"", ""exposure_compensation"": ""0"", ""aperture"": ""4.0"", ""focal_length"": ""66.0 mm"", ""focal_length_in35mm"": ""99 mm"", ""white_balance"": ""Manual"", ""metering_mode"": ""Multi-segment"", ""flash"": ""Off, Did not fire"", ""pageid"": ""7668""}"
2416124809|70202166@N00|7669|Fujifilm FinePix S5Pro|Fujifilm|70202166@N00_Fujifilm_2e10b77e.json|"{""id"": ""2416124809"", ""owner"": ""70202166@N00"", ""title"": ""DSCF3834"", ""realname"": """", ""ownername"": ""黑麵之路‧不由分說"", ""datetaken"": ""2008-04-13 11:34:55"", ""max_width"": 492, ""max_height"": 736, ""url_max"": ""https://live.staticflickr.com/2063/2416124809_e324bdb30a_c.jpg"", ""max_width_2000"": 492, ""max_height_2000"": 736, ""url_max_2000"": ""https://live.staticflickr.com/2063/2416124809_e324bdb30a_c.jpg"", ""flickr_page"": ""https://www.flickr.com/photos/70202166@N00/2416124809"", ""camera"": ""Fujifilm FinePix S5Pro"", ""create_date"": ""2008:04:13 11:34:55"", ""lens_model"": """", ""iso"": ""400"", ""exposure_time"": ""1/100"", ""exposure_program"": ""Manual"", ""exposure_compensation"": ""0"", ""aperture"": ""3.5"", ""focal_length"": ""52.0 mm"", ""focal_length_in35mm"": ""78 mm"", ""white_balance"": ""Manual"", ""metering_mode"": ""Multi-segment"", ""flash"": ""Off, Did not fire"", ""pageid"": ""7669""}"
2416124253|70202166@N00|7669|Fujifilm FinePix S5Pro|Fujifilm|70202166@N00_Fujifilm_2e10b77e.json|"{""id"": ""2416124253"", ""owner"": ""70202166@N00"", ""title"": ""DSCF3830"", ""realname"": """", ""ownername"": ""黑麵之路‧不由分說"", ""datetaken"": ""2008-04-13 11:34:38"", ""max_width"": 492, ""max_height"": 736, ""url_max"": ""https://live.staticflickr.com/3029/2416124253_acf978642a_c.jpg"", ""max_width_2000"": 492, ""max_height_2000"": 736, ""url_max_2000"": ""https://live.staticflickr.com/3029/2416124253_acf978642a_c.jpg"", ""flickr_page"": ""https://www.flickr.com/photos/70202166@N00/2416124253"", ""camera"": ""Fujifilm FinePix S5Pro"", ""create_date"": ""2008:04:13 11:34:38"", ""lens_model"": """", ""iso"": ""400"", ""exposure_time"": ""1/100"", ""exposure_program"": ""Manual"", ""exposure_compensation"": ""0"", ""aperture"": ""3.5"", ""focal_length"": ""28.0 mm"", ""focal_length_in35mm"": ""42 mm"", ""white_balance"": ""Manual"", ""metering_mode"": ""Multi-segment"", ""flash"": ""Off, Did not fire"", ""pageid"": ""7669""}"
2416124105|70202166@N00|7669|Fujifilm FinePix S5Pro|Fujifilm|70202166@N00_Fujifilm_2e10b77e.json|"{""id"": ""2416124105"", ""owner"": ""70202166@N00"", ""title"": ""DSCF3829"", ""realname"": """", ""ownername"": ""黑麵之路‧不由分說"", ""datetaken"": ""2008-04-13 11:34:37"", ""max_width"": 492, ""max_height"": 736, ""url_max"": ""https://live.staticflickr.com/2275/2416124105_9dd24da16d_c.jpg"", ""max_width_2000"": 492, ""max_height_2000"": 736, ""url_max_2000"": ""https://live.staticflickr.com/2275/2416124105_9dd24da16d_c.jpg"", ""flickr_page"": ""https://www.flickr.com/photos/70202166@N00/2416124105"", ""camera"": ""Fujifilm FinePix S5Pro"", ""create_date"": ""2008:04:13 11:34:37"", ""lens_model"": """", ""iso"": ""400"", ""exposure_time"": ""1/100"", ""exposure_program"": ""Manual"", ""exposure_compensation"": ""0"", ""aperture"": ""3.5"", ""focal_length"": ""26.0 mm"", ""focal_length_in35mm"": ""39 mm"", ""white_balance"": ""Manual"", ""metering_mode"": ""Multi-segment"", ""flash"": ""Off, Did not fire"", ""pageid"": ""7669""}"
2416123987|70202166@N00|7669|Fujifilm FinePix S5Pro|Fujifilm|70202166@N00_Fujifilm_2e10b77e.json|"{""id"": ""2416123987"", ""owner"": ""70202166@N00"", ""title"": ""DSCF3828"", ""realname"": """", ""ownername"": ""黑麵之路‧不由分說"", ""datetaken"": ""2008-04-13 11:34:36"", ""max_width"": 492, ""max_height"": 736, ""url_max"": ""https://live.staticflickr.com/2137/2416123987_51d1e39beb_c.jpg"", ""max_width_2000"": 492, ""max_height_2000"": 736, ""url_max_2000"": ""https://live.staticflickr.com/2137/2416123987_51d1e39beb_c.jpg"", ""flickr_page"": ""https://www.flickr.com/photos/70202166@N00/2416123987"", ""camera"": ""Fujifilm FinePix S5Pro"", ""create_date"": ""2008:04:13 11:34:36"", ""lens_model"": """", ""iso"": ""400"", ""exposure_time"": ""1/100"", ""exposure_program"": ""Manual"", ""exposure_compensation"": ""0"", ""aperture"": ""3.5"", ""focal_length"": ""27.0 mm"", ""focal_length_in35mm"": ""41 mm"", ""white_balance"": ""Manual"", ""metering_mode"": ""Multi-segment"", ""flash"": ""Off, Did not fire"", ""pageid"": ""7669""}"
2416125097|70202166@N00|7669|Fujifilm FinePix S5Pro|Fujifilm|70202166@N00_Fujifilm_2e10b77e.json|"{""id"": ""2416125097"", ""owner"": ""70202166@N00"", ""title"": ""DSCF3836"", ""realname"": """", ""ownername"": ""黑麵之路‧不由分說"", ""datetaken"": ""2008-04-13 11:36:24"", ""max_width"": 492, ""max_height"": 736, ""url_max"": ""https://live.staticflickr.com/3263/2416125097_d33aef4e5e_c.jpg"", ""max_width_2000"": 492, ""max_height_2000"": 736, ""url_max_2000"": ""https://live.staticflickr.com/3263/2416125097_d33aef4e5e_c.jpg"", ""flickr_page"": ""https://www.flickr.com/photos/70202166@N00/2416125097"", ""camera"": ""Fujifilm FinePix S5Pro"", ""create_date"": ""2008:04:13 11:36:24"", ""lens_model"": """", ""iso"": ""400"", ""exposure_time"": ""1/100"", ""exposure_program"": ""Manual"", ""exposure_compensation"": ""0"", ""aperture"": ""3.5"", ""focal_length"": ""31.0 mm"", ""focal_length_in35mm"": ""47 mm"", ""white_balance"": ""Manual"", ""metering_mode"": ""Multi-segment"", ""flash"": ""Off, Did not fire"", ""pageid"": ""7669""}"
2416125347|70202166@N00|7669|Fujifilm FinePix S5Pro|Fujifilm|70202166@N00_Fujifilm_2e10b77e.json|"{""id"": ""2416125347"", ""owner"": ""70202166@N00"", ""title"": ""DSCF3838"", ""realname"": """", ""ownername"": ""黑麵之路‧不由分說"", ""datetaken"": ""2008-04-13 11:36:27"", ""max_width"": 492, ""max_height"": 736, ""url_max"": ""https://live.staticflickr.com/2081/2416125347_0de49b570f_c.jpg"", ""max_width_2000"": 492, ""max_height_2000"": 736, ""url_max_2000"": ""https://live.staticflickr.com/2081/2416125347_0de49b570f_c.jpg"", ""flickr_page"": ""https://www.flickr.com/photos/70202166@N00/2416125347"", ""camera"": ""Fujifilm FinePix S5Pro"", ""create_date"": ""2008:04:13 11:36:27"", ""lens_model"": """", ""iso"": ""400"", ""exposure_time"": ""1/100"", ""exposure_program"": ""Manual"", ""exposure_compensation"": ""0"", ""aperture"": ""3.5"", ""focal_length"": ""26.0 mm"", ""focal_length_in35mm"": ""39 mm"", ""white_balance"": ""Manual"", ""metering_mode"": ""Multi-segment"", ""flash"": ""Off, Did not fire"", ""pageid"": ""7669""}"
2416124665|70202166@N00|7669|Fujifilm FinePix S5Pro|Fujifilm|70202166@N00_Fujifilm_2e10b77e.json|"{""id"": ""2416124665"", ""owner"": ""70202166@N00"", ""title"": ""DSCF3833"", ""realname"": """", ""ownername"": ""黑麵之路‧不由分說"", ""datetaken"": ""2008-04-13 11:34:53"", ""max_width"": 492, ""max_height"": 736, ""url_max"": ""https://live.staticflickr.com/3155/2416124665_e2aa510f73_c.jpg"", ""max_width_2000"": 492, ""max_height_2000"": 736, ""url_max_2000"": ""https://live.staticflickr.com/3155/2416124665_e2aa510f73_c.jpg"", ""flickr_page"": ""https://www.flickr.com/photos/70202166@N00/2416124665"", ""camera"": ""Fujifilm FinePix S5Pro"", ""create_date"": ""2008:04:13 11:34:53"", ""lens_model"": """", ""iso"": ""400"", ""exposure_time"": ""1/100"", ""exposure_program"": ""Manual"", ""exposure_compensation"": ""0"", ""aperture"": ""3.5"", ""focal_length"": ""48.0 mm"", ""focal_length_in35mm"": ""72 mm"", ""white_balance"": ""Manual"", ""metering_mode"": ""Multi-segment"", ""flash"": ""Off, Did not fire"", ""pageid"": ""7669""}"
2416124953|70202166@N00|7669|Fujifilm FinePix S5Pro|Fujifilm|70202166@N00_Fujifilm_2e10b77e.json|"{""id"": ""2416124953"", ""owner"": ""70202166@N00"", ""title"": ""DSCF3835"", ""realname"": """", ""ownername"": ""黑麵之路‧不由分說"", ""datetaken"": ""2008-04-13 11:34:57"", ""max_width"": 492, ""max_height"": 736, ""url_max"": ""https://live.staticflickr.com/2110/2416124953_5f248d39ee_c.jpg"", ""max_width_2000"": 492, ""max_height_2000"": 736, ""url_max_2000"": ""https://live.staticflickr.com/2110/2416124953_5f248d39ee_c.jpg"", ""flickr_page"": ""https://www.flickr.com/photos/70202166@N00/2416124953"", ""camera"": ""Fujifilm FinePix S5Pro"", ""create_date"": ""2008:04:13 11:34:57"", ""lens_model"": """", ""iso"": ""400"", ""exposure_time"": ""1/100"", ""exposure_program"": ""Manual"", ""exposure_compensation"": ""0"", ""aperture"": ""3.5"", ""focal_length"": ""36.0 mm"", ""focal_length_in35mm"": ""54 mm"", ""white_balance"": ""Manual"", ""metering_mode"": ""Multi-segment"", ""flash"": ""Off, Did not fire"", ""pageid"": ""7669""}"
2416124403|70202166@N00|7669|Fujifilm FinePix S5Pro|Fujifilm|70202166@N00_Fujifilm_2e10b77e.json|"{""id"": ""2416124403"", ""owner"": ""70202166@N00"", ""title"": ""DSCF3831"", ""realname"": """", ""ownername"": ""黑麵之路‧不由分說"", ""datetaken"": ""2008-04-13 11:34:43"", ""max_width"": 492, ""max_height"": 736, ""url_max"": ""https://live.staticflickr.com/2087/2416124403_ef99ebf2d5_c.jpg"", ""max_width_2000"": 492, ""max_height_2000"": 736, ""url_max_2000"": ""https://live.staticflickr.com/2087/2416124403_ef99ebf2d5_c.jpg"", ""flickr_page"": ""https://www.flickr.com/photos/70202166@N00/2416124403"", ""camera"": ""Fujifilm FinePix S5Pro"", ""create_date"": ""2008:04:13 11:34:43"", ""lens_model"": """", ""iso"": ""400"", ""exposure_time"": ""1/100"", ""exposure_program"": ""Manual"", ""exposure_compensation"": ""0"", ""aperture"": ""3.5"", ""focal_length"": ""29.0 mm"", ""focal_length_in35mm"": ""44 mm"", ""white_balance"": ""Manual"", ""metering_mode"": ""Multi-segment"", ""flash"": ""Off, Did not fire"", ""pageid"": ""7669""}"
2416123863|70202166@N00|7669|Fujifilm FinePix S5Pro|Fujifilm|70202166@N00_Fujifilm_2e10b77e.json|"{""id"": ""2416123863"", ""owner"": ""70202166@N00"", ""title"": ""DSCF3827"", ""realname"": """", ""ownername"": ""黑麵之路‧不由分說"", ""datetaken"": ""2008-04-13 11:34:34"", ""max_width"": 492, ""max_height"": 736, ""url_max"": ""https://live.staticflickr.com/2006/2416123863_78f8fae743_c.jpg"", ""max_width_2000"": 492, ""max_height_2000"": 736, ""url_max_2000"": ""https://live.staticflickr.com/2006/2416123863_78f8fae743_c.jpg"", ""flickr_page"": ""https://www.flickr.com/photos/70202166@N00/2416123863"", ""camera"": ""Fujifilm FinePix S5Pro"", ""create_date"": ""2008:04:13 11:34:34"", ""lens_model"": """", ""iso"": ""400"", ""exposure_time"": ""1/100"", ""exposure_program"": ""Manual"", ""exposure_compensation"": ""0"", ""aperture"": ""3.5"", ""focal_length"": ""28.0 mm"", ""focal_length_in35mm"": ""42 mm"", ""white_balance"": ""Manual"", ""metering_mode"": ""Multi-segment"", ""flash"": ""Off, Did not fire"", ""pageid"": ""7669""}"
2416125477|70202166@N00|7669|Fujifilm FinePix S5Pro|Fujifilm|70202166@N00_Fujifilm_2e10b77e.json|"{""id"": ""2416125477"", ""owner"": ""70202166@N00"", ""title"": ""DSCF3839"", ""realname"": """", ""ownername"": ""黑麵之路‧不由分說"", ""datetaken"": ""2008-04-13 11:36:28"", ""max_width"": 492, ""max_height"": 736, ""url_max"": ""https://live.staticflickr.com/3193/2416125477_d4437c9f19_c.jpg"", ""max_width_2000"": 492, ""max_height_2000"": 736, ""url_max_2000"": ""https://live.staticflickr.com/3193/2416125477_d4437c9f19_c.jpg"", ""flickr_page"": ""https://www.flickr.com/photos/70202166@N00/2416125477"", ""camera"": ""Fujifilm FinePix S5Pro"", ""create_date"": ""2008:04:13 11:36:28"", ""lens_model"": """", ""iso"": ""400"", ""exposure_time"": ""1/100"", ""exposure_program"": ""Manual"", ""exposure_compensation"": ""0"", ""aperture"": ""3.5"", ""focal_length"": ""29.0 mm"", ""focal_length_in35mm"": ""44 mm"", ""white_balance"": ""Manual"", ""metering_mode"": ""Multi-segment"", ""flash"": ""Off, Did not fire"", ""pageid"": ""7669""}"
2416944092|70202166@N00|7669|Fujifilm FinePix S5Pro|Fujifilm|70202166@N00_Fujifilm_2e10b77e.json|"{""id"": ""2416944092"", ""owner"": ""70202166@N00"", ""title"": ""DSCF3832"", ""realname"": """", ""ownername"": ""黑麵之路‧不由分說"", ""datetaken"": ""2008-04-13 11:34:51"", ""max_width"": 492, ""max_height"": 736, ""url_max"": ""https://live.staticflickr.com/2235/2416944092_b6c1fd7dd1_c.jpg"", ""max_width_2000"": 492, ""max_height_2000"": 736, ""url_max_2000"": ""https://live.staticflickr.com/2235/2416944092_b6c1fd7dd1_c.jpg"", ""flickr_page"": ""https://www.flickr.com/photos/70202166@N00/2416944092"", ""camera"": ""Fujifilm FinePix S5Pro"", ""create_date"": ""2008:04:13 11:34:51"", ""lens_model"": """", ""iso"": ""400"", ""exposure_time"": ""1/100"", ""exposure_program"": ""Manual"", ""exposure_compensation"": ""0"", ""aperture"": ""3.5"", ""focal_length"": ""38.0 mm"", ""focal_length_in35mm"": ""57 mm"", ""white_balance"": ""Manual"", ""metering_mode"": ""Multi-segment"", ""flash"": ""Off, Did not fire"", ""pageid"": ""7669""}"
2416943146|70202166@N00|7669|Fujifilm FinePix S5Pro|Fujifilm|70202166@N00_Fujifilm_2e10b77e.json|"{""id"": ""2416943146"", ""owner"": ""70202166@N00"", ""title"": ""DSCF3825"", ""realname"": """", ""ownername"": ""黑麵之路‧不由分說"", ""datetaken"": ""2008-04-13 11:34:25"", ""max_width"": 736, ""max_height"": 492, ""url_max"": ""https://live.staticflickr.com/3280/2416943146_075b1ed840_c.jpg"", ""max_width_2000"": 736, ""max_height_2000"": 492, ""url_max_2000"": ""https://live.staticflickr.com/3280/2416943146_075b1ed840_c.jpg"", ""flickr_page"": ""https://www.flickr.com/photos/70202166@N00/2416943146"", ""camera"": ""Fujifilm FinePix S5Pro"", ""create_date"": ""2008:04:13 11:34:25"", ""lens_model"": """", ""iso"": ""400"", ""exposure_time"": ""1/100"", ""exposure_program"": ""Manual"", ""exposure_compensation"": ""0"", ""aperture"": ""3.5"", ""focal_length"": ""55.0 mm"", ""focal_length_in35mm"": ""83 mm"", ""white_balance"": ""Manual"", ""metering_mode"": ""Multi-segment"", ""flash"": ""Off, Did not fire"", ""pageid"": ""7669""}"
2416126491|70202166@N00|7669|Fujifilm FinePix S5Pro|Fujifilm|70202166@N00_Fujifilm_2e10b77e.json|"{""id"": ""2416126491"", ""owner"": ""70202166@N00"", ""title"": ""DSCF3846"", ""realname"": """", ""ownername"": ""黑麵之路‧不由分說"", ""datetaken"": ""2008-04-13 11:36:47"", ""max_width"": 492, ""max_height"": 736, ""url_max"": ""https://live.staticflickr.com/3152/2416126491_007648e5da_c.jpg"", ""max_width_2000"": 492, ""max_height_2000"": 736, ""url_max_2000"": ""https://live.staticflickr.com/3152/2416126491_007648e5da_c.jpg"", ""flickr_page"": ""https://www.flickr.com/photos/70202166@N00/2416126491"", ""camera"": ""Fujifilm FinePix S5Pro"", ""create_date"": ""2008:04:13 11:36:47"", ""lens_model"": """", ""iso"": ""400"", ""exposure_time"": ""1/100"", ""exposure_program"": ""Manual"", ""exposure_compensation"": ""0"", ""aperture"": ""3.5"", ""focal_length"": ""44.0 mm"", ""focal_length_in35mm"": ""66 mm"", ""white_balance"": ""Manual"", ""metering_mode"": ""Multi-segment"", ""flash"": ""Off, Did not fire"", ""pageid"": ""7669""}"
2416125591|70202166@N00|7669|Fujifilm FinePix S5Pro|Fujifilm|70202166@N00_Fujifilm_2e10b77e.json|"{""id"": ""2416125591"", ""owner"": ""70202166@N00"", ""title"": ""DSCF3840"", ""realname"": """", ""ownername"": ""黑麵之路‧不由分說"", ""datetaken"": ""2008-04-13 11:36:32"", ""max_width"": 492, ""max_height"": 736, ""url_max"": ""https://live.staticflickr.com/3152/2416125591_db3f6f98f2_c.jpg"", ""max_width_2000"": 492, ""max_height_2000"": 736, ""url_max_2000"": ""https://live.staticflickr.com/3152/2416125591_db3f6f98f2_c.jpg"", ""flickr_page"": ""https://www.flickr.com/photos/70202166@N00/2416125591"", ""camera"": ""Fujifilm FinePix S5Pro"", ""create_date"": ""2008:04:13 11:36:32"", ""lens_model"": """", ""iso"": ""400"", ""exposure_time"": ""1/100"", ""exposure_program"": ""Manual"", ""exposure_compensation"": ""0"", ""aperture"": ""3.5"", ""focal_length"": ""26.0 mm"", ""focal_length_in35mm"": ""39 mm"", ""white_balance"": ""Manual"", ""metering_mode"": ""Multi-segment"", ""flash"": ""Off, Did not fire"", ""pageid"": ""7669""}"
2416944856|70202166@N00|7669|Fujifilm FinePix S5Pro|Fujifilm|70202166@N00_Fujifilm_2e10b77e.json|"{""id"": ""2416944856"", ""owner"": ""70202166@N00"", ""title"": ""DSCF3837"", ""realname"": """", ""ownername"": ""黑麵之路‧不由分說"", ""datetaken"": ""2008-04-13 11:36:25"", ""max_width"": 492, ""max_height"": 736, ""url_max"": ""https://live.staticflickr.com/3258/2416944856_d1ecd0fff7_c.jpg"", ""max_width_2000"": 492, ""max_height_2000"": 736, ""url_max_2000"": ""https://live.staticflickr.com/3258/2416944856_d1ecd0fff7_c.jpg"", ""flickr_page"": ""https://www.flickr.com/photos/70202166@N00/2416944856"", ""camera"": ""Fujifilm FinePix S5Pro"", ""create_date"": ""2008:04:13 11:36:25"", ""lens_model"": """", ""iso"": ""400"", ""exposure_time"": ""1/100"", ""exposure_program"": ""Manual"", ""exposure_compensation"": ""0"", ""aperture"": ""3.5"", ""focal_length"": ""32.0 mm"", ""focal_length_in35mm"": ""48 mm"", ""white_balance"": ""Manual"", ""metering_mode"": ""Multi-segment"", ""flash"": ""Off, Did not fire"", ""pageid"": ""7669""}"
2416125845|70202166@N00|7669|Fujifilm FinePix S5Pro|Fujifilm|70202166@N00_Fujifilm_2e10b77e.json|"{""id"": ""2416125845"", ""owner"": ""70202166@N00"", ""title"": ""DSCF3842"", ""realname"": """", ""ownername"": ""黑麵之路‧不由分說"", ""datetaken"": ""2008-04-13 11:36:35"", ""max_width"": 492, ""max_height"": 736, ""url_max"": ""https://live.staticflickr.com/2314/2416125845_634b91b305_c.jpg"", ""max_width_2000"": 492, ""max_height_2000"": 736, ""url_max_2000"": ""https://live.staticflickr.com/2314/2416125845_634b91b305_c.jpg"", ""flickr_page"": ""https://www.flickr.com/photos/70202166@N00/2416125845"", ""camera"": ""Fujifilm FinePix S5Pro"", ""create_date"": ""2008:04:13 11:36:35"", ""lens_model"": """", ""iso"": ""400"", ""exposure_time"": ""1/100"", ""exposure_program"": ""Manual"", ""exposure_compensation"": ""0"", ""aperture"": ""3.5"", ""focal_length"": ""32.0 mm"", ""focal_length_in35mm"": ""48 mm"", ""white_balance"": ""Manual"", ""metering_mode"": ""Multi-segment"", ""flash"": ""Off, Did not fire"", ""pageid"": ""7669""}"
2416943288|70202166@N00|7669|Fujifilm FinePix S5Pro|Fujifilm|70202166@N00_Fujifilm_2e10b77e.json|"{""id"": ""2416943288"", ""owner"": ""70202166@N00"", ""title"": ""DSCF3826"", ""realname"": """", ""ownername"": ""黑麵之路‧不由分說"", ""datetaken"": ""2008-04-13 11:34:32"", ""max_width"": 492, ""max_height"": 736, ""url_max"": ""https://live.staticflickr.com/2396/2416943288_59cd7b370a_c.jpg"", ""max_width_2000"": 492, ""max_height_2000"": 736, ""url_max_2000"": ""https://live.staticflickr.com/2396/2416943288_59cd7b370a_c.jpg"", ""flickr_page"": ""https://www.flickr.com/photos/70202166@N00/2416943288"", ""camera"": ""Fujifilm FinePix S5Pro"", ""create_date"": ""2008:04:13 11:34:32"", ""lens_model"": """", ""iso"": ""400"", ""exposure_time"": ""1/100"", ""exposure_program"": ""Manual"", ""exposure_compensation"": ""0"", ""aperture"": ""3.5"", ""focal_length"": ""27.0 mm"", ""focal_length_in35mm"": ""41 mm"", ""white_balance"": ""Manual"", ""metering_mode"": ""Multi-segment"", ""flash"": ""Off, Did not fire"", ""pageid"": ""7669""}"
2416945542|70202166@N00|7669|Fujifilm FinePix S5Pro|Fujifilm|70202166@N00_Fujifilm_2e10b77e.json|"{""id"": ""2416945542"", ""owner"": ""70202166@N00"", ""title"": ""DSCF3843"", ""realname"": """", ""ownername"": ""黑麵之路‧不由分說"", ""datetaken"": ""2008-04-13 11:36:37"", ""max_width"": 492, ""max_height"": 736, ""url_max"": ""https://live.staticflickr.com/2246/2416945542_c18b46e0f1_c.jpg"", ""max_width_2000"": 492, ""max_height_2000"": 736, ""url_max_2000"": ""https://live.staticflickr.com/2246/2416945542_c18b46e0f1_c.jpg"", ""flickr_page"": ""https://www.flickr.com/photos/70202166@N00/2416945542"", ""camera"": ""Fujifilm FinePix S5Pro"", ""create_date"": ""2008:04:13 11:36:37"", ""lens_model"": """", ""iso"": ""400"", ""exposure_time"": ""1/100"", ""exposure_program"": ""Manual"", ""exposure_compensation"": ""0"", ""aperture"": ""3.5"", ""focal_length"": ""24.0 mm"", ""focal_length_in35mm"": ""36 mm"", ""white_balance"": ""Manual"", ""metering_mode"": ""Multi-segment"", ""flash"": ""Off, Did not fire"", ""pageid"": ""7669""}"
2416945290|70202166@N00|7669|Fujifilm FinePix S5Pro|Fujifilm|70202166@N00_Fujifilm_2e10b77e.json|"{""id"": ""2416945290"", ""owner"": ""70202166@N00"", ""title"": ""DSCF3841"", ""realname"": """", ""ownername"": ""黑麵之路‧不由分說"", ""datetaken"": ""2008-04-13 11:36:33"", ""max_width"": 492, ""max_height"": 736, ""url_max"": ""https://live.staticflickr.com/3214/2416945290_e33c603c62_c.jpg"", ""max_width_2000"": 492, ""max_height_2000"": 736, ""url_max_2000"": ""https://live.staticflickr.com/3214/2416945290_e33c603c62_c.jpg"", ""flickr_page"": ""https://www.flickr.com/photos/70202166@N00/2416945290"", ""camera"": ""Fujifilm FinePix S5Pro"", ""create_date"": ""2008:04:13 11:36:33"", ""lens_model"": """", ""iso"": ""400"", ""exposure_time"": ""1/100"", ""exposure_program"": ""Manual"", ""exposure_compensation"": ""0"", ""aperture"": ""3.5"", ""focal_length"": ""27.0 mm"", ""focal_length_in35mm"": ""41 mm"", ""white_balance"": ""Manual"", ""metering_mode"": ""Multi-segment"", ""flash"": ""Off, Did not fire"", ""pageid"": ""7669""}"
2416945812|70202166@N00|7669|Fujifilm FinePix S5Pro|Fujifilm|70202166@N00_Fujifilm_2e10b77e.json|"{""id"": ""2416945812"", ""owner"": ""70202166@N00"", ""title"": ""DSCF3845"", ""realname"": """", ""ownername"": ""黑麵之路‧不由分說"", ""datetaken"": ""2008-04-13 11:36:41"", ""max_width"": 492, ""max_height"": 736, ""url_max"": ""https://live.staticflickr.com/2134/2416945812_6508b8a584_c.jpg"", ""max_width_2000"": 492, ""max_height_2000"": 736, ""url_max_2000"": ""https://live.staticflickr.com/2134/2416945812_6508b8a584_c.jpg"", ""flickr_page"": ""https://www.flickr.com/photos/70202166@N00/2416945812"", ""camera"": ""Fujifilm FinePix S5Pro"", ""create_date"": ""2008:04:13 11:36:41"", ""lens_model"": """", ""iso"": ""400"", ""exposure_time"": ""1/100"", ""exposure_program"": ""Manual"", ""exposure_compensation"": ""0"", ""aperture"": ""3.5"", ""focal_length"": ""34.0 mm"", ""focal_length_in35mm"": ""51 mm"", ""white_balance"": ""Manual"", ""metering_mode"": ""Multi-segment"", ""flash"": ""Off, Did not fire"", ""pageid"": ""7669""}"
2416946516|70202166@N00|7669|Fujifilm FinePix S5Pro|Fujifilm|70202166@N00_Fujifilm_2e10b77e.json|"{""id"": ""2416946516"", ""owner"": ""70202166@N00"", ""title"": ""DSCF3849"", ""realname"": """", ""ownername"": ""黑麵之路‧不由分說"", ""datetaken"": ""2008-04-13 11:36:58"", ""max_width"": 492, ""max_height"": 736, ""url_max"": ""https://live.staticflickr.com/2300/2416946516_27d687c409_c.jpg"", ""max_width_2000"": 492, ""max_height_2000"": 736, ""url_max_2000"": ""https://live.staticflickr.com/2300/2416946516_27d687c409_c.jpg"", ""flickr_page"": ""https://www.flickr.com/photos/70202166@N00/2416946516"", ""camera"": ""Fujifilm FinePix S5Pro"", ""create_date"": ""2008:04:13 11:36:58"", ""lens_model"": """", ""iso"": ""400"", ""exposure_time"": ""1/100"", ""exposure_program"": ""Manual"", ""exposure_compensation"": ""0"", ""aperture"": ""3.5"", ""focal_length"": ""42.0 mm"", ""focal_length_in35mm"": ""63 mm"", ""white_balance"": ""Manual"", ""metering_mode"": ""Multi-segment"", ""flash"": ""Off, Did not fire"", ""pageid"": ""7669""}"
2416946332|70202166@N00|7669|Fujifilm FinePix S5Pro|Fujifilm|70202166@N00_Fujifilm_2e10b77e.json|"{""id"": ""2416946332"", ""owner"": ""70202166@N00"", ""title"": ""DSCF3848"", ""realname"": """", ""ownername"": ""黑麵之路‧不由分說"", ""datetaken"": ""2008-04-13 11:36:56"", ""max_width"": 492, ""max_height"": 736, ""url_max"": ""https://live.staticflickr.com/3180/2416946332_5e56c9434d_c.jpg"", ""max_width_2000"": 492, ""max_height_2000"": 736, ""url_max_2000"": ""https://live.staticflickr.com/3180/2416946332_5e56c9434d_c.jpg"", ""flickr_page"": ""https://www.flickr.com/photos/70202166@N00/2416946332"", ""camera"": ""Fujifilm FinePix S5Pro"", ""create_date"": ""2008:04:13 11:36:56"", ""lens_model"": """", ""iso"": ""400"", ""exposure_time"": ""1/100"", ""exposure_program"": ""Manual"", ""exposure_compensation"": ""0"", ""aperture"": ""3.5"", ""focal_length"": ""50.0 mm"", ""focal_length_in35mm"": ""75 mm"", ""white_balance"": ""Manual"", ""metering_mode"": ""Multi-segment"", ""flash"": ""Off, Did not fire"", ""pageid"": ""7669""}"
2416945650|70202166@N00|7669|Fujifilm FinePix S5Pro|Fujifilm|70202166@N00_Fujifilm_2e10b77e.json|"{""id"": ""2416945650"", ""owner"": ""70202166@N00"", ""title"": ""DSCF3844"", ""realname"": """", ""ownername"": ""黑麵之路‧不由分說"", ""datetaken"": ""2008-04-13 11:36:39"", ""max_width"": 492, ""max_height"": 736, ""url_max"": ""https://live.staticflickr.com/2394/2416945650_44a6d22f09_c.jpg"", ""max_width_2000"": 492, ""max_height_2000"": 736, ""url_max_2000"": ""https://live.staticflickr.com/2394/2416945650_44a6d22f09_c.jpg"", ""flickr_page"": ""https://www.flickr.com/photos/70202166@N00/2416945650"", ""camera"": ""Fujifilm FinePix S5Pro"", ""create_date"": ""2008:04:13 11:36:39"", ""lens_model"": """", ""iso"": ""400"", ""exposure_time"": ""1/100"", ""exposure_program"": ""Manual"", ""exposure_compensation"": ""0"", ""aperture"": ""3.5"", ""focal_length"": ""27.0 mm"", ""focal_length_in35mm"": ""41 mm"", ""white_balance"": ""Manual"", ""metering_mode"": ""Multi-segment"", ""flash"": ""Off, Did not fire"", ""pageid"": ""7669""}"
2416946218|70202166@N00|7669|Fujifilm FinePix S5Pro|Fujifilm|70202166@N00_Fujifilm_2e10b77e.json|"{""id"": ""2416946218"", ""owner"": ""70202166@N00"", ""title"": ""DSCF3847"", ""realname"": """", ""ownername"": ""黑麵之路‧不由分說"", ""datetaken"": ""2008-04-13 11:36:50"", ""max_width"": 492, ""max_height"": 736, ""url_max"": ""https://live.staticflickr.com/3186/2416946218_758a6518da_c.jpg"", ""max_width_2000"": 492, ""max_height_2000"": 736, ""url_max_2000"": ""https://live.staticflickr.com/3186/2416946218_758a6518da_c.jpg"", ""flickr_page"": ""https://www.flickr.com/photos/70202166@N00/2416946218"", ""camera"": ""Fujifilm FinePix S5Pro"", ""create_date"": ""2008:04:13 11:36:50"", ""lens_model"": """", ""iso"": ""400"", ""exposure_time"": ""1/100"", ""exposure_program"": ""Manual"", ""exposure_compensation"": ""0"", ""aperture"": ""3.5"", ""focal_length"": ""44.0 mm"", ""focal_length_in35mm"": ""66 mm"", ""white_balance"": ""Manual"", ""metering_mode"": ""Multi-segment"", ""flash"": ""Off, Did not fire"", ""pageid"": ""7669""}"
2416121511|70202166@N00|7670|Fujifilm FinePix S5Pro|Fujifilm|70202166@N00_Fujifilm_2e10b77e.json|"{""id"": ""2416121511"", ""owner"": ""70202166@N00"", ""title"": ""DSCF3812"", ""realname"": """", ""ownername"": ""黑麵之路‧不由分說"", ""datetaken"": ""2008-04-13 11:33:36"", ""max_width"": 492, ""max_height"": 736, ""url_max"": ""https://live.staticflickr.com/2146/2416121511_e5489944fe_c.jpg"", ""max_width_2000"": 492, ""max_height_2000"": 736, ""url_max_2000"": ""https://live.staticflickr.com/2146/2416121511_e5489944fe_c.jpg"", ""flickr_page"": ""https://www.flickr.com/photos/70202166@N00/2416121511"", ""camera"": ""Fujifilm FinePix S5Pro"", ""create_date"": ""2008:04:13 11:33:36"", ""lens_model"": """", ""iso"": ""400"", ""exposure_time"": ""1/100"", ""exposure_program"": ""Manual"", ""exposure_compensation"": ""0"", ""aperture"": ""3.5"", ""focal_length"": ""38.0 mm"", ""focal_length_in35mm"": ""57 mm"", ""white_balance"": ""Manual"", ""metering_mode"": ""Multi-segment"", ""flash"": ""Off, Did not fire"", ""pageid"": ""7670""}"
2416123029|70202166@N00|7670|Fujifilm FinePix S5Pro|Fujifilm|70202166@N00_Fujifilm_2e10b77e.json|"{""id"": ""2416123029"", ""owner"": ""70202166@N00"", ""title"": ""DSCF3821"", ""realname"": """", ""ownername"": ""黑麵之路‧不由分說"", ""datetaken"": ""2008-04-13 11:34:04"", ""max_width"": 492, ""max_height"": 736, ""url_max"": ""https://live.staticflickr.com/3086/2416123029_d6c64682b9_c.jpg"", ""max_width_2000"": 492, ""max_height_2000"": 736, ""url_max_2000"": ""https://live.staticflickr.com/3086/2416123029_d6c64682b9_c.jpg"", ""flickr_page"": ""https://www.flickr.com/photos/70202166@N00/2416123029"", ""camera"": ""Fujifilm FinePix S5Pro"", ""create_date"": ""2008:04:13 11:34:04"", ""lens_model"": """", ""iso"": ""400"", ""exposure_time"": ""1/100"", ""exposure_program"": ""Manual"", ""exposure_compensation"": ""0"", ""aperture"": ""3.5"", ""focal_length"": ""44.0 mm"", ""focal_length_in35mm"": ""66 mm"", ""white_balance"": ""Manual"", ""metering_mode"": ""Multi-segment"", ""flash"": ""Off, Did not fire"", ""pageid"": ""7670""}"
2416121213|70202166@N00|7670|Fujifilm FinePix S5Pro|Fujifilm|70202166@N00_Fujifilm_2e10b77e.json|"{""id"": ""2416121213"", ""owner"": ""70202166@N00"", ""title"": ""DSCF3810"", ""realname"": """", ""ownername"": ""黑麵之路‧不由分說"", ""datetaken"": ""2008-04-13 11:33:33"", ""max_width"": 492, ""max_height"": 736, ""url_max"": ""https://live.staticflickr.com/3124/2416121213_24a0c6c7a1_c.jpg"", ""max_width_2000"": 492, ""max_height_2000"": 736, ""url_max_2000"": ""https://live.staticflickr.com/3124/2416121213_24a0c6c7a1_c.jpg"", ""flickr_page"": ""https://www.flickr.com/photos/70202166@N00/2416121213"", ""camera"": ""Fujifilm FinePix S5Pro"", ""create_date"": ""2008:04:13 11:33:33"", ""lens_model"": """", ""iso"": ""400"", ""exposure_time"": ""1/100"", ""exposure_program"": ""Manual"", ""exposure_compensation"": ""0"", ""aperture"": ""3.5"", ""focal_length"": ""29.0 mm"", ""focal_length_in35mm"": ""44 mm"", ""white_balance"": ""Manual"", ""metering_mode"": ""Multi-segment"", ""flash"": ""Off, Did not fire"", ""pageid"": ""7670""}"
2416121085|70202166@N00|7670|Fujifilm FinePix S5Pro|Fujifilm|70202166@N00_Fujifilm_2e10b77e.json|"{""id"": ""2416121085"", ""owner"": ""70202166@N00"", ""title"": ""DSCF3809"", ""realname"": """", ""ownername"": ""黑麵之路‧不由分說"", ""datetaken"": ""2008-04-13 11:33:31"", ""max_width"": 492, ""max_height"": 736, ""url_max"": ""https://live.staticflickr.com/3231/2416121085_733a49076e_c.jpg"", ""max_width_2000"": 492, ""max_height_2000"": 736, ""url_max_2000"": ""https://live.staticflickr.com/3231/2416121085_733a49076e_c.jpg"", ""flickr_page"": ""https://www.flickr.com/photos/70202166@N00/2416121085"", ""camera"": ""Fujifilm FinePix S5Pro"", ""create_date"": ""2008:04:13 11:33:31"", ""lens_model"": """", ""iso"": ""400"", ""exposure_time"": ""1/100"", ""exposure_program"": ""Manual"", ""exposure_compensation"": ""0"", ""aperture"": ""3.5"", ""focal_length"": ""29.0 mm"", ""focal_length_in35mm"": ""44 mm"", ""white_balance"": ""Manual"", ""metering_mode"": ""Multi-segment"", ""flash"": ""Off, Did not fire"", ""pageid"": ""7670""}"
2416120687|70202166@N00|7670|Fujifilm FinePix S5Pro|Fujifilm|70202166@N00_Fujifilm_2e10b77e.json|"{""id"": ""2416120687"", ""owner"": ""70202166@N00"", ""title"": ""DSCF3807"", ""realname"": """", ""ownername"": ""黑麵之路‧不由分說"", ""datetaken"": ""2008-04-13 11:33:25"", ""max_width"": 492, ""max_height"": 736, ""url_max"": ""https://live.staticflickr.com/2297/2416120687_cb46e827ee_c.jpg"", ""max_width_2000"": 492, ""max_height_2000"": 736, ""url_max_2000"": ""https://live.staticflickr.com/2297/2416120687_cb46e827ee_c.jpg"", ""flickr_page"": ""https://www.flickr.com/photos/70202166@N00/2416120687"", ""camera"": ""Fujifilm FinePix S5Pro"", ""create_date"": ""2008:04:13 11:33:25"", ""lens_model"": """", ""iso"": ""400"", ""exposure_time"": ""1/100"", ""exposure_program"": ""Manual"", ""exposure_compensation"": ""0"", ""aperture"": ""3.5"", ""focal_length"": ""32.0 mm"", ""focal_length_in35mm"": ""48 mm"", ""white_balance"": ""Manual"", ""metering_mode"": ""Multi-segment"", ""flash"": ""Off, Did not fire"", ""pageid"": ""7670""}"
2416121983|70202166@N00|7670|Fujifilm FinePix S5Pro|Fujifilm|70202166@N00_Fujifilm_2e10b77e.json|"{""id"": ""2416121983"", ""owner"": ""70202166@N00"", ""title"": ""DSCF3815"", ""realname"": """", ""ownername"": ""黑麵之路‧不由分說"", ""datetaken"": ""2008-04-13 11:33:41"", ""max_width"": 492, ""max_height"": 736, ""url_max"": ""https://live.staticflickr.com/2139/2416121983_86e436fdb5_c.jpg"", ""max_width_2000"": 492, ""max_height_2000"": 736, ""url_max_2000"": ""https://live.staticflickr.com/2139/2416121983_86e436fdb5_c.jpg"", ""flickr_page"": ""https://www.flickr.com/photos/70202166@N00/2416121983"", ""camera"": ""Fujifilm FinePix S5Pro"", ""create_date"": ""2008:04:13 11:33:41"", ""lens_model"": """", ""iso"": ""400"", ""exposure_time"": ""1/100"", ""exposure_program"": ""Manual"", ""exposure_compensation"": ""0"", ""aperture"": ""3.5"", ""focal_length"": ""31.0 mm"", ""focal_length_in35mm"": ""47 mm"", ""white_balance"": ""Manual"", ""metering_mode"": ""Multi-segment"", ""flash"": ""Off, Did not fire"", ""pageid"": ""7670""}"
2416121361|70202166@N00|7670|Fujifilm FinePix S5Pro|Fujifilm|70202166@N00_Fujifilm_2e10b77e.json|"{""id"": ""2416121361"", ""owner"": ""70202166@N00"", ""title"": ""DSCF3811"", ""realname"": """", ""ownername"": ""黑麵之路‧不由分說"", ""datetaken"": ""2008-04-13 11:33:34"", ""max_width"": 492, ""max_height"": 736, ""url_max"": ""https://live.staticflickr.com/3049/2416121361_b350c30c4d_c.jpg"", ""max_width_2000"": 492, ""max_height_2000"": 736, ""url_max_2000"": ""https://live.staticflickr.com/3049/2416121361_b350c30c4d_c.jpg"", ""flickr_page"": ""https://www.flickr.com/photos/70202166@N00/2416121361"", ""camera"": ""Fujifilm FinePix S5Pro"", ""create_date"": ""2008:04:13 11:33:34"", ""lens_model"": """", ""iso"": ""400"", ""exposure_time"": ""1/100"", ""exposure_program"": ""Manual"", ""exposure_compensation"": ""0"", ""aperture"": ""3.5"", ""focal_length"": ""38.0 mm"", ""focal_length_in35mm"": ""57 mm"", ""white_balance"": ""Manual"", ""metering_mode"": ""Multi-segment"", ""flash"": ""Off, Did not fire"", ""pageid"": ""7670""}"
2416122719|70202166@N00|7670|Fujifilm FinePix S5Pro|Fujifilm|70202166@N00_Fujifilm_2e10b77e.json|"{""id"": ""2416122719"", ""owner"": ""70202166@N00"", ""title"": ""DSCF3819"", ""realname"": """", ""ownername"": ""黑麵之路‧不由分說"", ""datetaken"": ""2008-04-13 11:34:00"", ""max_width"": 492, ""max_height"": 736, ""url_max"": ""https://live.staticflickr.com/2252/2416122719_ff8faae252_c.jpg"", ""max_width_2000"": 492, ""max_height_2000"": 736, ""url_max_2000"": ""https://live.staticflickr.com/2252/2416122719_ff8faae252_c.jpg"", ""flickr_page"": ""https://www.flickr.com/photos/70202166@N00/2416122719"", ""camera"": ""Fujifilm FinePix S5Pro"", ""create_date"": ""2008:04:13 11:34:00"", ""lens_model"": """", ""iso"": ""400"", ""exposure_time"": ""1/100"", ""exposure_program"": ""Manual"", ""exposure_compensation"": ""0"", ""aperture"": ""3.5"", ""focal_length"": ""48.0 mm"", ""focal_length_in35mm"": ""72 mm"", ""white_balance"": ""Manual"", ""metering_mode"": ""Multi-segment"", ""flash"": ""Off, Did not fire"", ""pageid"": ""7670""}"
2416120521|70202166@N00|7670|Fujifilm FinePix S5Pro|Fujifilm|70202166@N00_Fujifilm_2e10b77e.json|"{""id"": ""2416120521"", ""owner"": ""70202166@N00"", ""title"": ""DSCF3806"", ""realname"": """", ""ownername"": ""黑麵之路‧不由分說"", ""datetaken"": ""2008-04-13 11:33:22"", ""max_width"": 492, ""max_height"": 736, ""url_max"": ""https://live.staticflickr.com/2039/2416120521_b7b02b572f_c.jpg"", ""max_width_2000"": 492, ""max_height_2000"": 736, ""url_max_2000"": ""https://live.staticflickr.com/2039/2416120521_b7b02b572f_c.jpg"", ""flickr_page"": ""https://www.flickr.com/photos/70202166@N00/2416120521"", ""camera"": ""Fujifilm FinePix S5Pro"", ""create_date"": ""2008:04:13 11:33:22"", ""lens_model"": """", ""iso"": ""400"", ""exposure_time"": ""1/100"", ""exposure_program"": ""Manual"", ""exposure_compensation"": ""0"", ""aperture"": ""3.5"", ""focal_length"": ""32.0 mm"", ""focal_length_in35mm"": ""48 mm"", ""white_balance"": ""Manual"", ""metering_mode"": ""Multi-segment"", ""flash"": ""Off, Did not fire"", ""pageid"": ""7670""}"
2416120401|70202166@N00|7670|Fujifilm FinePix S5Pro|Fujifilm|70202166@N00_Fujifilm_2e10b77e.json|"{""id"": ""2416120401"", ""owner"": ""70202166@N00"", ""title"": ""DSCF3805"", ""realname"": """", ""ownername"": ""黑麵之路‧不由分說"", ""datetaken"": ""2008-04-13 11:33:19"", ""max_width"": 492, ""max_height"": 736, ""url_max"": ""https://live.staticflickr.com/3025/2416120401_d7237097b2_c.jpg"", ""max_width_2000"": 492, ""max_height_2000"": 736, ""url_max_2000"": ""https://live.staticflickr.com/3025/2416120401_d7237097b2_c.jpg"", ""flickr_page"": ""https://www.flickr.com/photos/70202166@N00/2416120401"", ""camera"": ""Fujifilm FinePix S5Pro"", ""create_date"": ""2008:04:13 11:33:19"", ""lens_model"": """", ""iso"": ""400"", ""exposure_time"": ""1/100"", ""exposure_program"": ""Manual"", ""exposure_compensation"": ""0"", ""aperture"": ""3.5"", ""focal_length"": ""28.0 mm"", ""focal_length_in35mm"": ""42 mm"", ""white_balance"": ""Manual"", ""metering_mode"": ""Multi-segment"", ""flash"": ""Off, Did not fire"", ""pageid"": ""7670""}"
2416939334|70202166@N00|7670|Fujifilm FinePix S5Pro|Fujifilm|70202166@N00_Fujifilm_2e10b77e.json|"{""id"": ""2416939334"", ""owner"": ""70202166@N00"", ""title"": ""DSCF3800"", ""realname"": """", ""ownername"": ""黑麵之路‧不由分說"", ""datetaken"": ""2008-04-13 11:31:19"", ""max_width"": 492, ""max_height"": 736, ""url_max"": ""https://live.staticflickr.com/2145/2416939334_cab4c8fc4b_c.jpg"", ""max_width_2000"": 492, ""max_height_2000"": 736, ""url_max_2000"": ""https://live.staticflickr.com/2145/2416939334_cab4c8fc4b_c.jpg"", ""flickr_page"": ""https://www.flickr.com/photos/70202166@N00/2416939334"", ""camera"": ""Fujifilm FinePix S5Pro"", ""create_date"": ""2008:04:13 11:31:19"", ""lens_model"": """", ""iso"": ""400"", ""exposure_time"": ""1/100"", ""exposure_program"": ""Manual"", ""exposure_compensation"": ""0"", ""aperture"": ""3.5"", ""focal_length"": ""27.0 mm"", ""focal_length_in35mm"": ""41 mm"", ""white_balance"": ""Manual"", ""metering_mode"": ""Multi-segment"", ""flash"": ""Off, Did not fire"", ""pageid"": ""7670""}"
2416939628|70202166@N00|7670|Fujifilm FinePix S5Pro|Fujifilm|70202166@N00_Fujifilm_2e10b77e.json|"{""id"": ""2416939628"", ""owner"": ""70202166@N00"", ""title"": ""DSCF3802"", ""realname"": """", ""ownername"": ""黑麵之路‧不由分說"", ""datetaken"": ""2008-04-13 11:31:28"", ""max_width"": 736, ""max_height"": 492, ""url_max"": ""https://live.staticflickr.com/2385/2416939628_6f678e6a41_c.jpg"", ""max_width_2000"": 736, ""max_height_2000"": 492, ""url_max_2000"": ""https://live.staticflickr.com/2385/2416939628_6f678e6a41_c.jpg"", ""flickr_page"": ""https://www.flickr.com/photos/70202166@N00/2416939628"", ""camera"": ""Fujifilm FinePix S5Pro"", ""create_date"": ""2008:04:13 11:31:28"", ""lens_model"": """", ""iso"": ""400"", ""exposure_time"": ""1/100"", ""exposure_program"": ""Manual"", ""exposure_compensation"": ""0"", ""aperture"": ""3.5"", ""focal_length"": ""62.0 mm"", ""focal_length_in35mm"": ""93 mm"", ""white_balance"": ""Manual"", ""metering_mode"": ""Multi-segment"", ""flash"": ""Off, Did not fire"", ""pageid"": ""7670""}"
2416939984|70202166@N00|7670|Fujifilm FinePix S5Pro|Fujifilm|70202166@N00_Fujifilm_2e10b77e.json|"{""id"": ""2416939984"", ""owner"": ""70202166@N00"", ""title"": ""DSCF3804"", ""realname"": """", ""ownername"": ""黑麵之路‧不由分說"", ""datetaken"": ""2008-04-13 11:33:16"", ""max_width"": 736, ""max_height"": 492, ""url_max"": ""https://live.staticflickr.com/3064/2416939984_15bb32022c_c.jpg"", ""max_width_2000"": 736, ""max_height_2000"": 492, ""url_max_2000"": ""https://live.staticflickr.com/3064/2416939984_15bb32022c_c.jpg"", ""flickr_page"": ""https://www.flickr.com/photos/70202166@N00/2416939984"", ""camera"": ""Fujifilm FinePix S5Pro"", ""create_date"": ""2008:04:13 11:33:16"", ""lens_model"": """", ""iso"": ""400"", ""exposure_time"": ""1/100"", ""exposure_program"": ""Manual"", ""exposure_compensation"": ""0"", ""aperture"": ""3.5"", ""focal_length"": ""27.0 mm"", ""focal_length_in35mm"": ""41 mm"", ""white_balance"": ""Manual"", ""metering_mode"": ""Multi-segment"", ""flash"": ""Off, Did not fire"", ""pageid"": ""7670""}"
2416939468|70202166@N00|7670|Fujifilm FinePix S5Pro|Fujifilm|70202166@N00_Fujifilm_2e10b77e.json|"{""id"": ""2416939468"", ""owner"": ""70202166@N00"", ""title"": ""DSCF3801"", ""realname"": """", ""ownername"": ""黑麵之路‧不由分說"", ""datetaken"": ""2008-04-13 11:31:21"", ""max_width"": 492, ""max_height"": 736, ""url_max"": ""https://live.staticflickr.com/3197/2416939468_221c8d7100_c.jpg"", ""max_width_2000"": 492, ""max_height_2000"": 736, ""url_max_2000"": ""https://live.staticflickr.com/3197/2416939468_221c8d7100_c.jpg"", ""flickr_page"": ""https://www.flickr.com/photos/70202166@N00/2416939468"", ""camera"": ""Fujifilm FinePix S5Pro"", ""create_date"": ""2008:04:13 11:31:21"", ""lens_model"": """", ""iso"": ""400"", ""exposure_time"": ""1/100"", ""exposure_program"": ""Manual"", ""exposure_compensation"": ""0"", ""aperture"": ""3.5"", ""focal_length"": ""32.0 mm"", ""focal_length_in35mm"": ""48 mm"", ""white_balance"": ""Manual"", ""metering_mode"": ""Multi-segment"", ""flash"": ""Off, Did not fire"", ""pageid"": ""7670""}"
2416939830|70202166@N00|7670|Fujifilm FinePix S5Pro|Fujifilm|70202166@N00_Fujifilm_2e10b77e.json|"{""id"": ""2416939830"", ""owner"": ""70202166@N00"", ""title"": ""DSCF3803"", ""realname"": """", ""ownername"": ""黑麵之路‧不由分說"", ""datetaken"": ""2008-04-13 11:31:33"", ""max_width"": 492, ""max_height"": 736, ""url_max"": ""https://live.staticflickr.com/3228/2416939830_45c2e97563_c.jpg"", ""max_width_2000"": 492, ""max_height_2000"": 736, ""url_max_2000"": ""https://live.staticflickr.com/3228/2416939830_45c2e97563_c.jpg"", ""flickr_page"": ""https://www.flickr.com/photos/70202166@N00/2416939830"", ""camera"": ""Fujifilm FinePix S5Pro"", ""create_date"": ""2008:04:13 11:31:33"", ""lens_model"": """", ""iso"": ""400"", ""exposure_time"": ""1/100"", ""exposure_program"": ""Manual"", ""exposure_compensation"": ""0"", ""aperture"": ""3.5"", ""focal_length"": ""70.0 mm"", ""focal_length_in35mm"": ""105 mm"", ""white_balance"": ""Manual"", ""metering_mode"": ""Multi-segment"", ""flash"": ""Off, Did not fire"", ""pageid"": ""7670""}"
2416123129|70202166@N00|7670|Fujifilm FinePix S5Pro|Fujifilm|70202166@N00_Fujifilm_2e10b77e.json|"{""id"": ""2416123129"", ""owner"": ""70202166@N00"", ""title"": ""DSCF3822"", ""realname"": """", ""ownername"": ""黑麵之路‧不由分說"", ""datetaken"": ""2008-04-13 11:34:06"", ""max_width"": 492, ""max_height"": 736, ""url_max"": ""https://live.staticflickr.com/2278/2416123129_dbe75fc38d_c.jpg"", ""max_width_2000"": 492, ""max_height_2000"": 736, ""url_max_2000"": ""https://live.staticflickr.com/2278/2416123129_dbe75fc38d_c.jpg"", ""flickr_page"": ""https://www.flickr.com/photos/70202166@N00/2416123129"", ""camera"": ""Fujifilm FinePix S5Pro"", ""create_date"": ""2008:04:13 11:34:06"", ""lens_model"": """", ""iso"": ""400"", ""exposure_time"": ""1/100"", ""exposure_program"": ""Manual"", ""exposure_compensation"": ""0"", ""aperture"": ""3.5"", ""focal_length"": ""48.0 mm"", ""focal_length_in35mm"": ""72 mm"", ""white_balance"": ""Manual"", ""metering_mode"": ""Multi-segment"", ""flash"": ""Off, Did not fire"", ""pageid"": ""7670""}"
2416941444|70202166@N00|7670|Fujifilm FinePix S5Pro|Fujifilm|70202166@N00_Fujifilm_2e10b77e.json|"{""id"": ""2416941444"", ""owner"": ""70202166@N00"", ""title"": ""DSCF3814"", ""realname"": """", ""ownername"": ""黑麵之路‧不由分說"", ""datetaken"": ""2008-04-13 11:33:39"", ""max_width"": 492, ""max_height"": 736, ""url_max"": ""https://live.staticflickr.com/2049/2416941444_aff8ac704a_c.jpg"", ""max_width_2000"": 492, ""max_height_2000"": 736, ""url_max_2000"": ""https://live.staticflickr.com/2049/2416941444_aff8ac704a_c.jpg"", ""flickr_page"": ""https://www.flickr.com/photos/70202166@N00/2416941444"", ""camera"": ""Fujifilm FinePix S5Pro"", ""create_date"": ""2008:04:13 11:33:39"", ""lens_model"": """", ""iso"": ""400"", ""exposure_time"": ""1/100"", ""exposure_program"": ""Manual"", ""exposure_compensation"": ""0"", ""aperture"": ""3.5"", ""focal_length"": ""28.0 mm"", ""focal_length_in35mm"": ""42 mm"", ""white_balance"": ""Manual"", ""metering_mode"": ""Multi-segment"", ""flash"": ""Off, Did not fire"", ""pageid"": ""7670""}"
2416941312|70202166@N00|7670|Fujifilm FinePix S5Pro|Fujifilm|70202166@N00_Fujifilm_2e10b77e.json|"{""id"": ""2416941312"", ""owner"": ""70202166@N00"", ""title"": ""DSCF3813"", ""realname"": """", ""ownername"": ""黑麵之路‧不由分說"", ""datetaken"": ""2008-04-13 11:33:37"", ""max_width"": 492, ""max_height"": 736, ""url_max"": ""https://live.staticflickr.com/2018/2416941312_718dd9d242_c.jpg"", ""max_width_2000"": 492, ""max_height_2000"": 736, ""url_max_2000"": ""https://live.staticflickr.com/2018/2416941312_718dd9d242_c.jpg"", ""flickr_page"": ""https://www.flickr.com/photos/70202166@N00/2416941312"", ""camera"": ""Fujifilm FinePix S5Pro"", ""create_date"": ""2008:04:13 11:33:37"", ""lens_model"": """", ""iso"": ""400"", ""exposure_time"": ""1/100"", ""exposure_program"": ""Manual"", ""exposure_compensation"": ""0"", ""aperture"": ""3.5"", ""focal_length"": ""29.0 mm"", ""focal_length_in35mm"": ""44 mm"", ""white_balance"": ""Manual"", ""metering_mode"": ""Multi-segment"", ""flash"": ""Off, Did not fire"", ""pageid"": ""7670""}"
2416940588|70202166@N00|7670|Fujifilm FinePix S5Pro|Fujifilm|70202166@N00_Fujifilm_2e10b77e.json|"{""id"": ""2416940588"", ""owner"": ""70202166@N00"", ""title"": ""DSCF3808"", ""realname"": """", ""ownername"": ""黑麵之路‧不由分說"", ""datetaken"": ""2008-04-13 11:33:29"", ""max_width"": 492, ""max_height"": 736, ""url_max"": ""https://live.staticflickr.com/3153/2416940588_4a263b32d2_c.jpg"", ""max_width_2000"": 492, ""max_height_2000"": 736, ""url_max_2000"": ""https://live.staticflickr.com/3153/2416940588_4a263b32d2_c.jpg"", ""flickr_page"": ""https://www.flickr.com/photos/70202166@N00/2416940588"", ""camera"": ""Fujifilm FinePix S5Pro"", ""create_date"": ""2008:04:13 11:33:29"", ""lens_model"": """", ""iso"": ""400"", ""exposure_time"": ""1/100"", ""exposure_program"": ""Manual"", ""exposure_compensation"": ""0"", ""aperture"": ""3.5"", ""focal_length"": ""40.0 mm"", ""focal_length_in35mm"": ""60 mm"", ""white_balance"": ""Manual"", ""metering_mode"": ""Multi-segment"", ""flash"": ""Off, Did not fire"", ""pageid"": ""7670""}"
2416941888|70202166@N00|7670|Fujifilm FinePix S5Pro|Fujifilm|70202166@N00_Fujifilm_2e10b77e.json|"{""id"": ""2416941888"", ""owner"": ""70202166@N00"", ""title"": ""DSCF3816"", ""realname"": """", ""ownername"": ""黑麵之路‧不由分說"", ""datetaken"": ""2008-04-13 11:33:42"", ""max_width"": 492, ""max_height"": 736, ""url_max"": ""https://live.staticflickr.com/2285/2416941888_8b101103bb_c.jpg"", ""max_width_2000"": 492, ""max_height_2000"": 736, ""url_max_2000"": ""https://live.staticflickr.com/2285/2416941888_8b101103bb_c.jpg"", ""flickr_page"": ""https://www.flickr.com/photos/70202166@N00/2416941888"", ""camera"": ""Fujifilm FinePix S5Pro"", ""create_date"": ""2008:04:13 11:33:42"", ""lens_model"": """", ""iso"": ""400"", ""exposure_time"": ""1/100"", ""exposure_program"": ""Manual"", ""exposure_compensation"": ""0"", ""aperture"": ""3.5"", ""focal_length"": ""38.0 mm"", ""focal_length_in35mm"": ""57 mm"", ""white_balance"": ""Manual"", ""metering_mode"": ""Multi-segment"", ""flash"": ""Off, Did not fire"", ""pageid"": ""7670""}"
2416942034|70202166@N00|7670|Fujifilm FinePix S5Pro|Fujifilm|70202166@N00_Fujifilm_2e10b77e.json|"{""id"": ""2416942034"", ""owner"": ""70202166@N00"", ""title"": ""DSCF3817"", ""realname"": """", ""ownername"": ""黑麵之路‧不由分說"", ""datetaken"": ""2008-04-13 11:33:52"", ""max_width"": 492, ""max_height"": 736, ""url_max"": ""https://live.staticflickr.com/3127/2416942034_ee5f7762c1_c.jpg"", ""max_width_2000"": 492, ""max_height_2000"": 736, ""url_max_2000"": ""https://live.staticflickr.com/3127/2416942034_ee5f7762c1_c.jpg"", ""flickr_page"": ""https://www.flickr.com/photos/70202166@N00/2416942034"", ""camera"": ""Fujifilm FinePix S5Pro"", ""create_date"": ""2008:04:13 11:33:52"", ""lens_model"": """", ""iso"": ""400"", ""exposure_time"": ""1/100"", ""exposure_program"": ""Manual"", ""exposure_compensation"": ""0"", ""aperture"": ""3.5"", ""focal_length"": ""42.0 mm"", ""focal_length_in35mm"": ""63 mm"", ""white_balance"": ""Manual"", ""metering_mode"": ""Multi-segment"", ""flash"": ""Off, Did not fire"", ""pageid"": ""7670""}"
2416942150|70202166@N00|7670|Fujifilm FinePix S5Pro|Fujifilm|70202166@N00_Fujifilm_2e10b77e.json|"{""id"": ""2416942150"", ""owner"": ""70202166@N00"", ""title"": ""DSCF3818"", ""realname"": """", ""ownername"": ""黑麵之路‧不由分說"", ""datetaken"": ""2008-04-13 11:33:54"", ""max_width"": 492, ""max_height"": 736, ""url_max"": ""https://live.staticflickr.com/3288/2416942150_6d5f8cc29c_c.jpg"", ""max_width_2000"": 492, ""max_height_2000"": 736, ""url_max_2000"": ""https://live.staticflickr.com/3288/2416942150_6d5f8cc29c_c.jpg"", ""flickr_page"": ""https://www.flickr.com/photos/70202166@N00/2416942150"", ""camera"": ""Fujifilm FinePix S5Pro"", ""create_date"": ""2008:04:13 11:33:54"", ""lens_model"": """", ""iso"": ""400"", ""exposure_time"": ""1/100"", ""exposure_program"": ""Manual"", ""exposure_compensation"": ""0"", ""aperture"": ""3.5"", ""focal_length"": ""38.0 mm"", ""focal_length_in35mm"": ""57 mm"", ""white_balance"": ""Manual"", ""metering_mode"": ""Multi-segment"", ""flash"": ""Off, Did not fire"", ""pageid"": ""7670""}"
2416942802|70202166@N00|7670|Fujifilm FinePix S5Pro|Fujifilm|70202166@N00_Fujifilm_2e10b77e.json|"{""id"": ""2416942802"", ""owner"": ""70202166@N00"", ""title"": ""DSCF3823"", ""realname"": """", ""ownername"": ""黑麵之路‧不由分說"", ""datetaken"": ""2008-04-13 11:34:08"", ""max_width"": 492, ""max_height"": 736, ""url_max"": ""https://live.staticflickr.com/2051/2416942802_034c2e3dce_c.jpg"", ""max_width_2000"": 492, ""max_height_2000"": 736, ""url_max_2000"": ""https://live.staticflickr.com/2051/2416942802_034c2e3dce_c.jpg"", ""flickr_page"": ""https://www.flickr.com/photos/70202166@N00/2416942802"", ""camera"": ""Fujifilm FinePix S5Pro"", ""create_date"": ""2008:04:13 11:34:08"", ""lens_model"": """", ""iso"": ""400"", ""exposure_time"": ""1/100"", ""exposure_program"": ""Manual"", ""exposure_compensation"": ""0"", ""aperture"": ""3.5"", ""focal_length"": ""48.0 mm"", ""focal_length_in35mm"": ""72 mm"", ""white_balance"": ""Manual"", ""metering_mode"": ""Multi-segment"", ""flash"": ""Off, Did not fire"", ""pageid"": ""7670""}"
2416942960|70202166@N00|7670|Fujifilm FinePix S5Pro|Fujifilm|70202166@N00_Fujifilm_2e10b77e.json|"{""id"": ""2416942960"", ""owner"": ""70202166@N00"", ""title"": ""DSCF3824"", ""realname"": """", ""ownername"": ""黑麵之路‧不由分說"", ""datetaken"": ""2008-04-13 11:34:17"", ""max_width"": 492, ""max_height"": 736, ""url_max"": ""https://live.staticflickr.com/2157/2416942960_cb328cb6ef_c.jpg"", ""max_width_2000"": 492, ""max_height_2000"": 736, ""url_max_2000"": ""https://live.staticflickr.com/2157/2416942960_cb328cb6ef_c.jpg"", ""flickr_page"": ""https://www.flickr.com/photos/70202166@N00/2416942960"", ""camera"": ""Fujifilm FinePix S5Pro"", ""create_date"": ""2008:04:13 11:34:17"", ""lens_model"": """", ""iso"": ""400"", ""exposure_time"": ""1/100"", ""exposure_program"": ""Manual"", ""exposure_compensation"": ""0"", ""aperture"": ""3.5"", ""focal_length"": ""70.0 mm"", ""focal_length_in35mm"": ""105 mm"", ""white_balance"": ""Manual"", ""metering_mode"": ""Multi-segment"", ""flash"": ""Off, Did not fire"", ""pageid"": ""7670""}"
2416942398|70202166@N00|7670|Fujifilm FinePix S5Pro|Fujifilm|70202166@N00_Fujifilm_2e10b77e.json|"{""id"": ""2416942398"", ""owner"": ""70202166@N00"", ""title"": ""DSCF3820"", ""realname"": """", ""ownername"": ""黑麵之路‧不由分說"", ""datetaken"": ""2008-04-13 11:34:02"", ""max_width"": 492, ""max_height"": 736, ""url_max"": ""https://live.staticflickr.com/2398/2416942398_9c8d399c1c_c.jpg"", ""max_width_2000"": 492, ""max_height_2000"": 736, ""url_max_2000"": ""https://live.staticflickr.com/2398/2416942398_9c8d399c1c_c.jpg"", ""flickr_page"": ""https://www.flickr.com/photos/70202166@N00/2416942398"", ""camera"": ""Fujifilm FinePix S5Pro"", ""create_date"": ""2008:04:13 11:34:02"", ""lens_model"": """", ""iso"": ""400"", ""exposure_time"": ""1/100"", ""exposure_program"": ""Manual"", ""exposure_compensation"": ""0"", ""aperture"": ""3.5"", ""focal_length"": ""50.0 mm"", ""focal_length_in35mm"": ""75 mm"", ""white_balance"": ""Manual"", ""metering_mode"": ""Multi-segment"", ""flash"": ""Off, Did not fire"", ""pageid"": ""7670""}"
2416116429|70202166@N00|7671|Fujifilm FinePix S5Pro|Fujifilm|70202166@N00_Fujifilm_2e10b77e.json|"{""id"": ""2416116429"", ""owner"": ""70202166@N00"", ""title"": ""DSCF3778"", ""realname"": """", ""ownername"": ""黑麵之路‧不由分說"", ""datetaken"": ""2008-04-13 11:27:39"", ""max_width"": 492, ""max_height"": 736, ""url_max"": ""https://live.staticflickr.com/2210/2416116429_f21c4720ec_c.jpg"", ""max_width_2000"": 492, ""max_height_2000"": 736, ""url_max_2000"": ""https://live.staticflickr.com/2210/2416116429_f21c4720ec_c.jpg"", ""flickr_page"": ""https://www.flickr.com/photos/70202166@N00/2416116429"", ""camera"": ""Fujifilm FinePix S5Pro"", ""create_date"": ""2008:04:13 11:27:39"", ""lens_model"": """", ""iso"": ""400"", ""exposure_time"": ""1/100"", ""exposure_program"": ""Manual"", ""exposure_compensation"": ""0"", ""aperture"": ""3.5"", ""focal_length"": ""44.0 mm"", ""focal_length_in35mm"": ""66 mm"", ""white_balance"": ""Manual"", ""metering_mode"": ""Multi-segment"", ""flash"": ""Off, Did not fire"", ""pageid"": ""7671""}"
2416116273|70202166@N00|7671|Fujifilm FinePix S5Pro|Fujifilm|70202166@N00_Fujifilm_2e10b77e.json|"{""id"": ""2416116273"", ""owner"": ""70202166@N00"", ""title"": ""DSCF3777"", ""realname"": """", ""ownername"": ""黑麵之路‧不由分說"", ""datetaken"": ""2008-04-13 11:27:30"", ""max_width"": 492, ""max_height"": 736, ""url_max"": ""https://live.staticflickr.com/2140/2416116273_d9ab43b0cb_c.jpg"", ""max_width_2000"": 492, ""max_height_2000"": 736, ""url_max_2000"": ""https://live.staticflickr.com/2140/2416116273_d9ab43b0cb_c.jpg"", ""flickr_page"": ""https://www.flickr.com/photos/70202166@N00/2416116273"", ""camera"": ""Fujifilm FinePix S5Pro"", ""create_date"": ""2008:04:13 11:27:30"", ""lens_model"": """", ""iso"": ""400"", ""exposure_time"": ""1/100"", ""exposure_program"": ""Manual"", ""exposure_compensation"": ""0"", ""aperture"": ""3.5"", ""focal_length"": ""26.0 mm"", ""focal_length_in35mm"": ""39 mm"", ""white_balance"": ""Manual"", ""metering_mode"": ""Multi-segment"", ""flash"": ""Off, Did not fire"", ""pageid"": ""7671""}"
2416117747|70202166@N00|7671|Fujifilm FinePix S5Pro|Fujifilm|70202166@N00_Fujifilm_2e10b77e.json|"{""id"": ""2416117747"", ""owner"": ""70202166@N00"", ""title"": ""DSCF3787"", ""realname"": """", ""ownername"": ""黑麵之路‧不由分說"", ""datetaken"": ""2008-04-13 11:30:29"", ""max_width"": 492, ""max_height"": 736, ""url_max"": ""https://live.staticflickr.com/2113/2416117747_2e52091c71_c.jpg"", ""max_width_2000"": 492, ""max_height_2000"": 736, ""url_max_2000"": ""https://live.staticflickr.com/2113/2416117747_2e52091c71_c.jpg"", ""flickr_page"": ""https://www.flickr.com/photos/70202166@N00/2416117747"", ""camera"": ""Fujifilm FinePix S5Pro"", ""create_date"": ""2008:04:13 11:30:29"", ""lens_model"": """", ""iso"": ""400"", ""exposure_time"": ""1/100"", ""exposure_program"": ""Manual"", ""exposure_compensation"": ""0"", ""aperture"": ""3.5"", ""focal_length"": ""70.0 mm"", ""focal_length_in35mm"": ""105 mm"", ""white_balance"": ""Manual"", ""metering_mode"": ""Multi-segment"", ""flash"": ""Off, Did not fire"", ""pageid"": ""7671""}"
2416116857|70202166@N00|7671|Fujifilm FinePix S5Pro|Fujifilm|70202166@N00_Fujifilm_2e10b77e.json|"{""id"": ""2416116857"", ""owner"": ""70202166@N00"", ""title"": ""DSCF3781"", ""realname"": """", ""ownername"": ""黑麵之路‧不由分說"", ""datetaken"": ""2008-04-13 11:30:11"", ""max_width"": 492, ""max_height"": 736, ""url_max"": ""https://live.staticflickr.com/3066/2416116857_432ca60293_c.jpg"", ""max_width_2000"": 492, ""max_height_2000"": 736, ""url_max_2000"": ""https://live.staticflickr.com/3066/2416116857_432ca60293_c.jpg"", ""flickr_page"": ""https://www.flickr.com/photos/70202166@N00/2416116857"", ""camera"": ""Fujifilm FinePix S5Pro"", ""create_date"": ""2008:04:13 11:30:11"", ""lens_model"": """", ""iso"": ""400"", ""exposure_time"": ""1/100"", ""exposure_program"": ""Manual"", ""exposure_compensation"": ""0"", ""aperture"": ""3.5"", ""focal_length"": ""31.0 mm"", ""focal_length_in35mm"": ""47 mm"", ""white_balance"": ""Manual"", ""metering_mode"": ""Multi-segment"", ""flash"": ""Off, Did not fire"", ""pageid"": ""7671""}"
2416118111|70202166@N00|7671|Fujifilm FinePix S5Pro|Fujifilm|70202166@N00_Fujifilm_2e10b77e.json|"{""id"": ""2416118111"", ""owner"": ""70202166@N00"", ""title"": ""DSCF3789"", ""realname"": """", ""ownername"": ""黑麵之路‧不由分說"", ""datetaken"": ""2008-04-13 11:30:39"", ""max_width"": 492, ""max_height"": 736, ""url_max"": ""https://live.staticflickr.com/3214/2416118111_a5aa15c346_c.jpg"", ""max_width_2000"": 492, ""max_height_2000"": 736, ""url_max_2000"": ""https://live.staticflickr.com/3214/2416118111_a5aa15c346_c.jpg"", ""flickr_page"": ""https://www.flickr.com/photos/70202166@N00/2416118111"", ""camera"": ""Fujifilm FinePix S5Pro"", ""create_date"": ""2008:04:13 11:30:39"", ""lens_model"": """", ""iso"": ""400"", ""exposure_time"": ""1/100"", ""exposure_program"": ""Manual"", ""exposure_compensation"": ""0"", ""aperture"": ""3.5"", ""focal_length"": ""35.0 mm"", ""focal_length_in35mm"": ""53 mm"", ""white_balance"": ""Manual"", ""metering_mode"": ""Multi-segment"", ""flash"": ""Off, Did not fire"", ""pageid"": ""7671""}"
2416117613|70202166@N00|7671|Fujifilm FinePix S5Pro|Fujifilm|70202166@N00_Fujifilm_2e10b77e.json|"{""id"": ""2416117613"", ""owner"": ""70202166@N00"", ""title"": ""DSCF3786"", ""realname"": """", ""ownername"": ""黑麵之路‧不由分說"", ""datetaken"": ""2008-04-13 11:30:26"", ""max_width"": 492, ""max_height"": 736, ""url_max"": ""https://live.staticflickr.com/2085/2416117613_7a75f4b982_c.jpg"", ""max_width_2000"": 492, ""max_height_2000"": 736, ""url_max_2000"": ""https://live.staticflickr.com/2085/2416117613_7a75f4b982_c.jpg"", ""flickr_page"": ""https://www.flickr.com/photos/70202166@N00/2416117613"", ""camera"": ""Fujifilm FinePix S5Pro"", ""create_date"": ""2008:04:13 11:30:26"", ""lens_model"": """", ""iso"": ""400"", ""exposure_time"": ""1/100"", ""exposure_program"": ""Manual"", ""exposure_compensation"": ""0"", ""aperture"": ""3.5"", ""focal_length"": ""50.0 mm"", ""focal_length_in35mm"": ""75 mm"", ""white_balance"": ""Manual"", ""metering_mode"": ""Multi-segment"", ""flash"": ""Off, Did not fire"", ""pageid"": ""7671""}"
2416116157|70202166@N00|7671|Fujifilm FinePix S5Pro|Fujifilm|70202166@N00_Fujifilm_2e10b77e.json|"{""id"": ""2416116157"", ""owner"": ""70202166@N00"", ""title"": ""DSCF3776"", ""realname"": """", ""ownername"": ""黑麵之路‧不由分說"", ""datetaken"": ""2008-04-13 11:27:28"", ""max_width"": 492, ""max_height"": 736, ""url_max"": ""https://live.staticflickr.com/3004/2416116157_4ff5c70ca4_c.jpg"", ""max_width_2000"": 492, ""max_height_2000"": 736, ""url_max_2000"": ""https://live.staticflickr.com/3004/2416116157_4ff5c70ca4_c.jpg"", ""flickr_page"": ""https://www.flickr.com/photos/70202166@N00/2416116157"", ""camera"": ""Fujifilm FinePix S5Pro"", ""create_date"": ""2008:04:13 11:27:28"", ""lens_model"": """", ""iso"": ""400"", ""exposure_time"": ""1/100"", ""exposure_program"": ""Manual"", ""exposure_compensation"": ""0"", ""aperture"": ""3.5"", ""focal_length"": ""24.0 mm"", ""focal_length_in35mm"": ""36 mm"", ""white_balance"": ""Manual"", ""metering_mode"": ""Multi-segment"", ""flash"": ""Off, Did not fire"", ""pageid"": ""7671""}"
2416118779|70202166@N00|7671|Fujifilm FinePix S5Pro|Fujifilm|70202166@N00_Fujifilm_2e10b77e.json|"{""id"": ""2416118779"", ""owner"": ""70202166@N00"", ""title"": ""DSCF3794"", ""realname"": """", ""ownername"": ""黑麵之路‧不由分說"", ""datetaken"": ""2008-04-13 11:30:57"", ""max_width"": 492, ""max_height"": 736, ""url_max"": ""https://live.staticflickr.com/2028/2416118779_f4290ab16c_c.jpg"", ""max_width_2000"": 492, ""max_height_2000"": 736, ""url_max_2000"": ""https://live.staticflickr.com/2028/2416118779_f4290ab16c_c.jpg"", ""flickr_page"": ""https://www.flickr.com/photos/70202166@N00/2416118779"", ""camera"": ""Fujifilm FinePix S5Pro"", ""create_date"": ""2008:04:13 11:30:57"", ""lens_model"": """", ""iso"": ""400"", ""exposure_time"": ""1/100"", ""exposure_program"": ""Manual"", ""exposure_compensation"": ""0"", ""aperture"": ""3.5"", ""focal_length"": ""50.0 mm"", ""focal_length_in35mm"": ""75 mm"", ""white_balance"": ""Manual"", ""metering_mode"": ""Multi-segment"", ""flash"": ""Off, Did not fire"", ""pageid"": ""7671""}"
2416118419|70202166@N00|7671|Fujifilm FinePix S5Pro|Fujifilm|70202166@N00_Fujifilm_2e10b77e.json|"{""id"": ""2416118419"", ""owner"": ""70202166@N00"", ""title"": ""DSCF3791"", ""realname"": """", ""ownername"": ""黑麵之路‧不由分說"", ""datetaken"": ""2008-04-13 11:30:51"", ""max_width"": 492, ""max_height"": 736, ""url_max"": ""https://live.staticflickr.com/2049/2416118419_8f7a54488e_c.jpg"", ""max_width_2000"": 492, ""max_height_2000"": 736, ""url_max_2000"": ""https://live.staticflickr.com/2049/2416118419_8f7a54488e_c.jpg"", ""flickr_page"": ""https://www.flickr.com/photos/70202166@N00/2416118419"", ""camera"": ""Fujifilm FinePix S5Pro"", ""create_date"": ""2008:04:13 11:30:51"", ""lens_model"": """", ""iso"": ""400"", ""exposure_time"": ""1/100"", ""exposure_program"": ""Manual"", ""exposure_compensation"": ""0"", ""aperture"": ""3.5"", ""focal_length"": ""50.0 mm"", ""focal_length_in35mm"": ""75 mm"", ""white_balance"": ""Manual"", ""metering_mode"": ""Multi-segment"", ""flash"": ""Off, Did not fire"", ""pageid"": ""7671""}"
2416118267|70202166@N00|7671|Fujifilm FinePix S5Pro|Fujifilm|70202166@N00_Fujifilm_2e10b77e.json|"{""id"": ""2416118267"", ""owner"": ""70202166@N00"", ""title"": ""DSCF3790"", ""realname"": """", ""ownername"": ""黑麵之路‧不由分說"", ""datetaken"": ""2008-04-13 11:30:46"", ""max_width"": 492, ""max_height"": 736, ""url_max"": ""https://live.staticflickr.com/2078/2416118267_3b83774f42_c.jpg"", ""max_width_2000"": 492, ""max_height_2000"": 736, ""url_max_2000"": ""https://live.staticflickr.com/2078/2416118267_3b83774f42_c.jpg"", ""flickr_page"": ""https://www.flickr.com/photos/70202166@N00/2416118267"", ""camera"": ""Fujifilm FinePix S5Pro"", ""create_date"": ""2008:04:13 11:30:46"", ""lens_model"": """", ""iso"": ""400"", ""exposure_time"": ""1/100"", ""exposure_program"": ""Manual"", ""exposure_compensation"": ""0"", ""aperture"": ""3.5"", ""focal_length"": ""50.0 mm"", ""focal_length_in35mm"": ""75 mm"", ""white_balance"": ""Manual"", ""metering_mode"": ""Multi-segment"", ""flash"": ""Off, Did not fire"", ""pageid"": ""7671""}"
2416118907|70202166@N00|7671|Fujifilm FinePix S5Pro|Fujifilm|70202166@N00_Fujifilm_2e10b77e.json|"{""id"": ""2416118907"", ""owner"": ""70202166@N00"", ""title"": ""DSCF3795"", ""realname"": """", ""ownername"": ""黑麵之路‧不由分說"", ""datetaken"": ""2008-04-13 11:30:59"", ""max_width"": 492, ""max_height"": 736, ""url_max"": ""https://live.staticflickr.com/3043/2416118907_656fe1d9a5_c.jpg"", ""max_width_2000"": 492, ""max_height_2000"": 736, ""url_max_2000"": ""https://live.staticflickr.com/3043/2416118907_656fe1d9a5_c.jpg"", ""flickr_page"": ""https://www.flickr.com/photos/70202166@N00/2416118907"", ""camera"": ""Fujifilm FinePix S5Pro"", ""create_date"": ""2008:04:13 11:30:59"", ""lens_model"": """", ""iso"": ""400"", ""exposure_time"": ""1/100"", ""exposure_program"": ""Manual"", ""exposure_compensation"": ""0"", ""aperture"": ""3.5"", ""focal_length"": ""50.0 mm"", ""focal_length_in35mm"": ""75 mm"", ""white_balance"": ""Manual"", ""metering_mode"": ""Multi-segment"", ""flash"": ""Off, Did not fire"", ""pageid"": ""7671""}"
2416119191|70202166@N00|7671|Fujifilm FinePix S5Pro|Fujifilm|70202166@N00_Fujifilm_2e10b77e.json|"{""id"": ""2416119191"", ""owner"": ""70202166@N00"", ""title"": ""DSCF3797"", ""realname"": """", ""ownername"": ""黑麵之路‧不由分說"", ""datetaken"": ""2008-04-13 11:31:14"", ""max_width"": 492, ""max_height"": 736, ""url_max"": ""https://live.staticflickr.com/2084/2416119191_662260bf96_c.jpg"", ""max_width_2000"": 492, ""max_height_2000"": 736, ""url_max_2000"": ""https://live.staticflickr.com/2084/2416119191_662260bf96_c.jpg"", ""flickr_page"": ""https://www.flickr.com/photos/70202166@N00/2416119191"", ""camera"": ""Fujifilm FinePix S5Pro"", ""create_date"": ""2008:04:13 11:31:14"", ""lens_model"": """", ""iso"": ""400"", ""exposure_time"": ""1/100"", ""exposure_program"": ""Manual"", ""exposure_compensation"": ""0"", ""aperture"": ""3.5"", ""focal_length"": ""27.0 mm"", ""focal_length_in35mm"": ""41 mm"", ""white_balance"": ""Manual"", ""metering_mode"": ""Multi-segment"", ""flash"": ""Off, Did not fire"", ""pageid"": ""7671""}"
2416935686|70202166@N00|7671|Fujifilm FinePix S5Pro|Fujifilm|70202166@N00_Fujifilm_2e10b77e.json|"{""id"": ""2416935686"", ""owner"": ""70202166@N00"", ""title"": ""DSCF3775"", ""realname"": """", ""ownername"": ""黑麵之路‧不由分說"", ""datetaken"": ""2008-04-13 11:27:20"", ""max_width"": 736, ""max_height"": 492, ""url_max"": ""https://live.staticflickr.com/3100/2416935686_36bb295cce_c.jpg"", ""max_width_2000"": 736, ""max_height_2000"": 492, ""url_max_2000"": ""https://live.staticflickr.com/3100/2416935686_36bb295cce_c.jpg"", ""flickr_page"": ""https://www.flickr.com/photos/70202166@N00/2416935686"", ""camera"": ""Fujifilm FinePix S5Pro"", ""create_date"": ""2008:04:13 11:27:20"", ""lens_model"": """", ""iso"": ""400"", ""exposure_time"": ""1/100"", ""exposure_program"": ""Manual"", ""exposure_compensation"": ""0"", ""aperture"": ""3.5"", ""focal_length"": ""70.0 mm"", ""focal_length_in35mm"": ""105 mm"", ""white_balance"": ""Manual"", ""metering_mode"": ""Multi-segment"", ""flash"": ""Off, Did not fire"", ""pageid"": ""7671""}"
2416936414|70202166@N00|7671|Fujifilm FinePix S5Pro|Fujifilm|70202166@N00_Fujifilm_2e10b77e.json|"{""id"": ""2416936414"", ""owner"": ""70202166@N00"", ""title"": ""DSCF3780"", ""realname"": """", ""ownername"": ""黑麵之路‧不由分說"", ""datetaken"": ""2008-04-13 11:30:09"", ""max_width"": 492, ""max_height"": 736, ""url_max"": ""https://live.staticflickr.com/3001/2416936414_5c7c45592e_c.jpg"", ""max_width_2000"": 492, ""max_height_2000"": 736, ""url_max_2000"": ""https://live.staticflickr.com/3001/2416936414_5c7c45592e_c.jpg"", ""flickr_page"": ""https://www.flickr.com/photos/70202166@N00/2416936414"", ""camera"": ""Fujifilm FinePix S5Pro"", ""create_date"": ""2008:04:13 11:30:09"", ""lens_model"": """", ""iso"": ""400"", ""exposure_time"": ""1/100"", ""exposure_program"": ""Manual"", ""exposure_compensation"": ""0"", ""aperture"": ""3.5"", ""focal_length"": ""31.0 mm"", ""focal_length_in35mm"": ""47 mm"", ""white_balance"": ""Manual"", ""metering_mode"": ""Multi-segment"", ""flash"": ""Off, Did not fire"", ""pageid"": ""7671""}"
2416936730|70202166@N00|7671|Fujifilm FinePix S5Pro|Fujifilm|70202166@N00_Fujifilm_2e10b77e.json|"{""id"": ""2416936730"", ""owner"": ""70202166@N00"", ""title"": ""DSCF3782"", ""realname"": """", ""ownername"": ""黑麵之路‧不由分說"", ""datetaken"": ""2008-04-13 11:30:14"", ""max_width"": 492, ""max_height"": 736, ""url_max"": ""https://live.staticflickr.com/2380/2416936730_1dda8b354d_c.jpg"", ""max_width_2000"": 492, ""max_height_2000"": 736, ""url_max_2000"": ""https://live.staticflickr.com/2380/2416936730_1dda8b354d_c.jpg"", ""flickr_page"": ""https://www.flickr.com/photos/70202166@N00/2416936730"", ""camera"": ""Fujifilm FinePix S5Pro"", ""create_date"": ""2008:04:13 11:30:14"", ""lens_model"": """", ""iso"": ""400"", ""exposure_time"": ""1/100"", ""exposure_program"": ""Manual"", ""exposure_compensation"": ""0"", ""aperture"": ""3.5"", ""focal_length"": ""29.0 mm"", ""focal_length_in35mm"": ""44 mm"", ""white_balance"": ""Manual"", ""metering_mode"": ""Multi-segment"", ""flash"": ""Off, Did not fire"", ""pageid"": ""7671""}"
2416936282|70202166@N00|7671|Fujifilm FinePix S5Pro|Fujifilm|70202166@N00_Fujifilm_2e10b77e.json|"{""id"": ""2416936282"", ""owner"": ""70202166@N00"", ""title"": ""DSCF3779"", ""realname"": """", ""ownername"": ""黑麵之路‧不由分說"", ""datetaken"": ""2008-04-13 11:30:04"", ""max_width"": 492, ""max_height"": 736, ""url_max"": ""https://live.staticflickr.com/2264/2416936282_bf6f668528_c.jpg"", ""max_width_2000"": 492, ""max_height_2000"": 736, ""url_max_2000"": ""https://live.staticflickr.com/2264/2416936282_bf6f668528_c.jpg"", ""flickr_page"": ""https://www.flickr.com/photos/70202166@N00/2416936282"", ""camera"": ""Fujifilm FinePix S5Pro"", ""create_date"": ""2008:04:13 11:30:04"", ""lens_model"": """", ""iso"": ""400"", ""exposure_time"": ""1/100"", ""exposure_program"": ""Manual"", ""exposure_compensation"": ""0"", ""aperture"": ""3.5"", ""focal_length"": ""34.0 mm"", ""focal_length_in35mm"": ""51 mm"", ""white_balance"": ""Manual"", ""metering_mode"": ""Multi-segment"", ""flash"": ""Off, Did not fire"", ""pageid"": ""7671""}"
2416936878|70202166@N00|7671|Fujifilm FinePix S5Pro|Fujifilm|70202166@N00_Fujifilm_2e10b77e.json|"{""id"": ""2416936878"", ""owner"": ""70202166@N00"", ""title"": ""DSCF3783"", ""realname"": """", ""ownername"": ""黑麵之路‧不由分說"", ""datetaken"": ""2008-04-13 11:30:16"", ""max_width"": 492, ""max_height"": 736, ""url_max"": ""https://live.staticflickr.com/3168/2416936878_492285b6e3_c.jpg"", ""max_width_2000"": 492, ""max_height_2000"": 736, ""url_max_2000"": ""https://live.staticflickr.com/3168/2416936878_492285b6e3_c.jpg"", ""flickr_page"": ""https://www.flickr.com/photos/70202166@N00/2416936878"", ""camera"": ""Fujifilm FinePix S5Pro"", ""create_date"": ""2008:04:13 11:30:16"", ""lens_model"": """", ""iso"": ""400"", ""exposure_time"": ""1/100"", ""exposure_program"": ""Manual"", ""exposure_compensation"": ""0"", ""aperture"": ""3.5"", ""focal_length"": ""28.0 mm"", ""focal_length_in35mm"": ""42 mm"", ""white_balance"": ""Manual"", ""metering_mode"": ""Multi-segment"", ""flash"": ""Off, Did not fire"", ""pageid"": ""7671""}"
2416937030|70202166@N00|7671|Fujifilm FinePix S5Pro|Fujifilm|70202166@N00_Fujifilm_2e10b77e.json|"{""id"": ""2416937030"", ""owner"": ""70202166@N00"", ""title"": ""DSCF3784"", ""realname"": """", ""ownername"": ""黑麵之路‧不由分說"", ""datetaken"": ""2008-04-13 11:30:18"", ""max_width"": 492, ""max_height"": 736, ""url_max"": ""https://live.staticflickr.com/2153/2416937030_6f4f5f3a3b_c.jpg"", ""max_width_2000"": 492, ""max_height_2000"": 736, ""url_max_2000"": ""https://live.staticflickr.com/2153/2416937030_6f4f5f3a3b_c.jpg"", ""flickr_page"": ""https://www.flickr.com/photos/70202166@N00/2416937030"", ""camera"": ""Fujifilm FinePix S5Pro"", ""create_date"": ""2008:04:13 11:30:18"", ""lens_model"": """", ""iso"": ""400"", ""exposure_time"": ""1/100"", ""exposure_program"": ""Manual"", ""exposure_compensation"": ""0"", ""aperture"": ""3.5"", ""focal_length"": ""28.0 mm"", ""focal_length_in35mm"": ""42 mm"", ""white_balance"": ""Manual"", ""metering_mode"": ""Multi-segment"", ""flash"": ""Off, Did not fire"", ""pageid"": ""7671""}"
2416937166|70202166@N00|7671|Fujifilm FinePix S5Pro|Fujifilm|70202166@N00_Fujifilm_2e10b77e.json|"{""id"": ""2416937166"", ""owner"": ""70202166@N00"", ""title"": ""DSCF3785"", ""realname"": """", ""ownername"": ""黑麵之路‧不由分說"", ""datetaken"": ""2008-04-13 11:30:20"", ""max_width"": 492, ""max_height"": 736, ""url_max"": ""https://live.staticflickr.com/2408/2416937166_caa23a8086_c.jpg"", ""max_width_2000"": 492, ""max_height_2000"": 736, ""url_max_2000"": ""https://live.staticflickr.com/2408/2416937166_caa23a8086_c.jpg"", ""flickr_page"": ""https://www.flickr.com/photos/70202166@N00/2416937166"", ""camera"": ""Fujifilm FinePix S5Pro"", ""create_date"": ""2008:04:13 11:30:20"", ""lens_model"": """", ""iso"": ""400"", ""exposure_time"": ""1/100"", ""exposure_program"": ""Manual"", ""exposure_compensation"": ""0"", ""aperture"": ""3.5"", ""focal_length"": ""34.0 mm"", ""focal_length_in35mm"": ""51 mm"", ""white_balance"": ""Manual"", ""metering_mode"": ""Multi-segment"", ""flash"": ""Off, Did not fire"", ""pageid"": ""7671""}"
2416937630|70202166@N00|7671|Fujifilm FinePix S5Pro|Fujifilm|70202166@N00_Fujifilm_2e10b77e.json|"{""id"": ""2416937630"", ""owner"": ""70202166@N00"", ""title"": ""DSCF3788"", ""realname"": """", ""ownername"": ""黑麵之路‧不由分說"", ""datetaken"": ""2008-04-13 11:30:31"", ""max_width"": 492, ""max_height"": 736, ""url_max"": ""https://live.staticflickr.com/3078/2416937630_41f8eb89a7_c.jpg"", ""max_width_2000"": 492, ""max_height_2000"": 736, ""url_max_2000"": ""https://live.staticflickr.com/3078/2416937630_41f8eb89a7_c.jpg"", ""flickr_page"": ""https://www.flickr.com/photos/70202166@N00/2416937630"", ""camera"": ""Fujifilm FinePix S5Pro"", ""create_date"": ""2008:04:13 11:30:31"", ""lens_model"": """", ""iso"": ""400"", ""exposure_time"": ""1/100"", ""exposure_program"": ""Manual"", ""exposure_compensation"": ""0"", ""aperture"": ""3.5"", ""focal_length"": ""55.0 mm"", ""focal_length_in35mm"": ""83 mm"", ""white_balance"": ""Manual"", ""metering_mode"": ""Multi-segment"", ""flash"": ""Off, Did not fire"", ""pageid"": ""7671""}"
2416938258|70202166@N00|7671|Fujifilm FinePix S5Pro|Fujifilm|70202166@N00_Fujifilm_2e10b77e.json|"{""id"": ""2416938258"", ""owner"": ""70202166@N00"", ""title"": ""DSCF3792"", ""realname"": """", ""ownername"": ""黑麵之路‧不由分說"", ""datetaken"": ""2008-04-13 11:30:52"", ""max_width"": 492, ""max_height"": 736, ""url_max"": ""https://live.staticflickr.com/3168/2416938258_d6579ec318_c.jpg"", ""max_width_2000"": 492, ""max_height_2000"": 736, ""url_max_2000"": ""https://live.staticflickr.com/3168/2416938258_d6579ec318_c.jpg"", ""flickr_page"": ""https://www.flickr.com/photos/70202166@N00/2416938258"", ""camera"": ""Fujifilm FinePix S5Pro"", ""create_date"": ""2008:04:13 11:30:52"", ""lens_model"": """", ""iso"": ""400"", ""exposure_time"": ""1/100"", ""exposure_program"": ""Manual"", ""exposure_compensation"": ""0"", ""aperture"": ""3.5"", ""focal_length"": ""48.0 mm"", ""focal_length_in35mm"": ""72 mm"", ""white_balance"": ""Manual"", ""metering_mode"": ""Multi-segment"", ""flash"": ""Off, Did not fire"", ""pageid"": ""7671""}"
2416938866|70202166@N00|7671|Fujifilm FinePix S5Pro|Fujifilm|70202166@N00_Fujifilm_2e10b77e.json|"{""id"": ""2416938866"", ""owner"": ""70202166@N00"", ""title"": ""DSCF3796"", ""realname"": """", ""ownername"": ""黑麵之路‧不由分說"", ""datetaken"": ""2008-04-13 11:31:04"", ""max_width"": 492, ""max_height"": 736, ""url_max"": ""https://live.staticflickr.com/2263/2416938866_2083bc7abc_c.jpg"", ""max_width_2000"": 492, ""max_height_2000"": 736, ""url_max_2000"": ""https://live.staticflickr.com/2263/2416938866_2083bc7abc_c.jpg"", ""flickr_page"": ""https://www.flickr.com/photos/70202166@N00/2416938866"", ""camera"": ""Fujifilm FinePix S5Pro"", ""create_date"": ""2008:04:13 11:31:04"", ""lens_model"": """", ""iso"": ""400"", ""exposure_time"": ""1/100"", ""exposure_program"": ""Manual"", ""exposure_compensation"": ""0"", ""aperture"": ""3.5"", ""focal_length"": ""70.0 mm"", ""focal_length_in35mm"": ""105 mm"", ""white_balance"": ""Manual"", ""metering_mode"": ""Multi-segment"", ""flash"": ""Off, Did not fire"", ""pageid"": ""7671""}"
2416938392|70202166@N00|7671|Fujifilm FinePix S5Pro|Fujifilm|70202166@N00_Fujifilm_2e10b77e.json|"{""id"": ""2416938392"", ""owner"": ""70202166@N00"", ""title"": ""DSCF3793"", ""realname"": """", ""ownername"": ""黑麵之路‧不由分說"", ""datetaken"": ""2008-04-13 11:30:55"", ""max_width"": 492, ""max_height"": 736, ""url_max"": ""https://live.staticflickr.com/2169/2416938392_51c6fa860a_c.jpg"", ""max_width_2000"": 492, ""max_height_2000"": 736, ""url_max_2000"": ""https://live.staticflickr.com/2169/2416938392_51c6fa860a_c.jpg"", ""flickr_page"": ""https://www.flickr.com/photos/70202166@N00/2416938392"", ""camera"": ""Fujifilm FinePix S5Pro"", ""create_date"": ""2008:04:13 11:30:55"", ""lens_model"": """", ""iso"": ""400"", ""exposure_time"": ""1/100"", ""exposure_program"": ""Manual"", ""exposure_compensation"": ""0"", ""aperture"": ""3.5"", ""focal_length"": ""48.0 mm"", ""focal_length_in35mm"": ""72 mm"", ""white_balance"": ""Manual"", ""metering_mode"": ""Multi-segment"", ""flash"": ""Off, Did not fire"", ""pageid"": ""7671""}"
2416939224|70202166@N00|7671|Fujifilm FinePix S5Pro|Fujifilm|70202166@N00_Fujifilm_2e10b77e.json|"{""id"": ""2416939224"", ""owner"": ""70202166@N00"", ""title"": ""DSCF3799"", ""realname"": """", ""ownername"": ""黑麵之路‧不由分說"", ""datetaken"": ""2008-04-13 11:31:17"", ""max_width"": 492, ""max_height"": 736, ""url_max"": ""https://live.staticflickr.com/2256/2416939224_c1dbcfbaed_c.jpg"", ""max_width_2000"": 492, ""max_height_2000"": 736, ""url_max_2000"": ""https://live.staticflickr.com/2256/2416939224_c1dbcfbaed_c.jpg"", ""flickr_page"": ""https://www.flickr.com/photos/70202166@N00/2416939224"", ""camera"": ""Fujifilm FinePix S5Pro"", ""create_date"": ""2008:04:13 11:31:17"", ""lens_model"": """", ""iso"": ""400"", ""exposure_time"": ""1/100"", ""exposure_program"": ""Manual"", ""exposure_compensation"": ""0"", ""aperture"": ""3.5"", ""focal_length"": ""27.0 mm"", ""focal_length_in35mm"": ""41 mm"", ""white_balance"": ""Manual"", ""metering_mode"": ""Multi-segment"", ""flash"": ""Off, Did not fire"", ""pageid"": ""7671""}"
2416939096|70202166@N00|7671|Fujifilm FinePix S5Pro|Fujifilm|70202166@N00_Fujifilm_2e10b77e.json|"{""id"": ""2416939096"", ""owner"": ""70202166@N00"", ""title"": ""DSCF3798"", ""realname"": """", ""ownername"": ""黑麵之路‧不由分說"", ""datetaken"": ""2008-04-13 11:31:16"", ""max_width"": 492, ""max_height"": 736, ""url_max"": ""https://live.staticflickr.com/2027/2416939096_c274d9cb6c_c.jpg"", ""max_width_2000"": 492, ""max_height_2000"": 736, ""url_max_2000"": ""https://live.staticflickr.com/2027/2416939096_c274d9cb6c_c.jpg"", ""flickr_page"": ""https://www.flickr.com/photos/70202166@N00/2416939096"", ""camera"": ""Fujifilm FinePix S5Pro"", ""create_date"": ""2008:04:13 11:31:16"", ""lens_model"": """", ""iso"": ""400"", ""exposure_time"": ""1/100"", ""exposure_program"": ""Manual"", ""exposure_compensation"": ""0"", ""aperture"": ""3.5"", ""focal_length"": ""26.0 mm"", ""focal_length_in35mm"": ""39 mm"", ""white_balance"": ""Manual"", ""metering_mode"": ""Multi-segment"", ""flash"": ""Off, Did not fire"", ""pageid"": ""7671""}"
2416115651|70202166@N00|7672|Fujifilm FinePix S5Pro|Fujifilm|70202166@N00_Fujifilm_2e10b77e.json|"{""id"": ""2416115651"", ""owner"": ""70202166@N00"", ""title"": ""DSCF3773"", ""realname"": """", ""ownername"": ""黑麵之路‧不由分說"", ""datetaken"": ""2008-04-13 11:27:10"", ""max_width"": 492, ""max_height"": 736, ""url_max"": ""https://live.staticflickr.com/2357/2416115651_2ceaa2d27e_c.jpg"", ""max_width_2000"": 492, ""max_height_2000"": 736, ""url_max_2000"": ""https://live.staticflickr.com/2357/2416115651_2ceaa2d27e_c.jpg"", ""flickr_page"": ""https://www.flickr.com/photos/70202166@N00/2416115651"", ""camera"": ""Fujifilm FinePix S5Pro"", ""create_date"": ""2008:04:13 11:27:10"", ""lens_model"": """", ""iso"": ""400"", ""exposure_time"": ""1/100"", ""exposure_program"": ""Manual"", ""exposure_compensation"": ""0"", ""aperture"": ""3.5"", ""focal_length"": ""38.0 mm"", ""focal_length_in35mm"": ""57 mm"", ""white_balance"": ""Manual"", ""metering_mode"": ""Multi-segment"", ""flash"": ""Off, Did not fire"", ""pageid"": ""7672""}"
2416932530|70202166@N00|7672|Fujifilm FinePix S5Pro|Fujifilm|70202166@N00_Fujifilm_2e10b77e.json|"{""id"": ""2416932530"", ""owner"": ""70202166@N00"", ""title"": ""DSCF3752"", ""realname"": """", ""ownername"": ""黑麵之路‧不由分說"", ""datetaken"": ""2008-04-13 11:21:30"", ""max_width"": 492, ""max_height"": 736, ""url_max"": ""https://live.staticflickr.com/3261/2416932530_cfdc3f4ed9_c.jpg"", ""max_width_2000"": 492, ""max_height_2000"": 736, ""url_max_2000"": ""https://live.staticflickr.com/3261/2416932530_cfdc3f4ed9_c.jpg"", ""flickr_page"": ""https://www.flickr.com/photos/70202166@N00/2416932530"", ""camera"": ""Fujifilm FinePix S5Pro"", ""create_date"": ""2008:04:13 11:21:30"", ""lens_model"": """", ""iso"": ""400"", ""exposure_time"": ""1/100"", ""exposure_program"": ""Manual"", ""exposure_compensation"": ""0"", ""aperture"": ""3.2"", ""focal_length"": ""28.0 mm"", ""focal_length_in35mm"": ""42 mm"", ""white_balance"": ""Manual"", ""metering_mode"": ""Multi-segment"", ""flash"": ""Off, Did not fire"", ""pageid"": ""7672""}"
2416113987|70202166@N00|7672|Fujifilm FinePix S5Pro|Fujifilm|70202166@N00_Fujifilm_2e10b77e.json|"{""id"": ""2416113987"", ""owner"": ""70202166@N00"", ""title"": ""DSCF3761"", ""realname"": """", ""ownername"": ""黑麵之路‧不由分說"", ""datetaken"": ""2008-04-13 11:26:08"", ""max_width"": 492, ""max_height"": 736, ""url_max"": ""https://live.staticflickr.com/2080/2416113987_9b3c21e60b_c.jpg"", ""max_width_2000"": 492, ""max_height_2000"": 736, ""url_max_2000"": ""https://live.staticflickr.com/2080/2416113987_9b3c21e60b_c.jpg"", ""flickr_page"": ""https://www.flickr.com/photos/70202166@N00/2416113987"", ""camera"": ""Fujifilm FinePix S5Pro"", ""create_date"": ""2008:04:13 11:26:08"", ""lens_model"": """", ""iso"": ""400"", ""exposure_time"": ""1/100"", ""exposure_program"": ""Manual"", ""exposure_compensation"": ""0"", ""aperture"": ""3.5"", ""focal_length"": ""38.0 mm"", ""focal_length_in35mm"": ""57 mm"", ""white_balance"": ""Manual"", ""metering_mode"": ""Multi-segment"", ""flash"": ""Off, Did not fire"", ""pageid"": ""7672""}"
2416115801|70202166@N00|7672|Fujifilm FinePix S5Pro|Fujifilm|70202166@N00_Fujifilm_2e10b77e.json|"{""id"": ""2416115801"", ""owner"": ""70202166@N00"", ""title"": ""DSCF3774"", ""realname"": """", ""ownername"": ""黑麵之路‧不由分說"", ""datetaken"": ""2008-04-13 11:27:12"", ""max_width"": 492, ""max_height"": 736, ""url_max"": ""https://live.staticflickr.com/2122/2416115801_f6ea5b1c79_c.jpg"", ""max_width_2000"": 492, ""max_height_2000"": 736, ""url_max_2000"": ""https://live.staticflickr.com/2122/2416115801_f6ea5b1c79_c.jpg"", ""flickr_page"": ""https://www.flickr.com/photos/70202166@N00/2416115801"", ""camera"": ""Fujifilm FinePix S5Pro"", ""create_date"": ""2008:04:13 11:27:12"", ""lens_model"": """", ""iso"": ""400"", ""exposure_time"": ""1/100"", ""exposure_program"": ""Manual"", ""exposure_compensation"": ""0"", ""aperture"": ""3.5"", ""focal_length"": ""45.0 mm"", ""focal_length_in35mm"": ""68 mm"", ""white_balance"": ""Manual"", ""metering_mode"": ""Multi-segment"", ""flash"": ""Off, Did not fire"", ""pageid"": ""7672""}"
2416113405|70202166@N00|7672|Fujifilm FinePix S5Pro|Fujifilm|70202166@N00_Fujifilm_2e10b77e.json|"{""id"": ""2416113405"", ""owner"": ""70202166@N00"", ""title"": ""DSCF3756"", ""realname"": """", ""ownername"": ""黑麵之路‧不由分說"", ""datetaken"": ""2008-04-13 11:25:55"", ""max_width"": 492, ""max_height"": 736, ""url_max"": ""https://live.staticflickr.com/2347/2416113405_d337cd75ed_c.jpg"", ""max_width_2000"": 492, ""max_height_2000"": 736, ""url_max_2000"": ""https://live.staticflickr.com/2347/2416113405_d337cd75ed_c.jpg"", ""flickr_page"": ""https://www.flickr.com/photos/70202166@N00/2416113405"", ""camera"": ""Fujifilm FinePix S5Pro"", ""create_date"": ""2008:04:13 11:25:55"", ""lens_model"": """", ""iso"": ""400"", ""exposure_time"": ""1/100"", ""exposure_program"": ""Manual"", ""exposure_compensation"": ""0"", ""aperture"": ""3.5"", ""focal_length"": ""31.0 mm"", ""focal_length_in35mm"": ""47 mm"", ""white_balance"": ""Manual"", ""metering_mode"": ""Multi-segment"", ""flash"": ""Off, Did not fire"", ""pageid"": ""7672""}"
2416113531|70202166@N00|7672|Fujifilm FinePix S5Pro|Fujifilm|70202166@N00_Fujifilm_2e10b77e.json|"{""id"": ""2416113531"", ""owner"": ""70202166@N00"", ""title"": ""DSCF3757"", ""realname"": """", ""ownername"": ""黑麵之路‧不由分說"", ""datetaken"": ""2008-04-13 11:25:58"", ""max_width"": 492, ""max_height"": 736, ""url_max"": ""https://live.staticflickr.com/3214/2416113531_96bb461dc0_c.jpg"", ""max_width_2000"": 492, ""max_height_2000"": 736, ""url_max_2000"": ""https://live.staticflickr.com/3214/2416113531_96bb461dc0_c.jpg"", ""flickr_page"": ""https://www.flickr.com/photos/70202166@N00/2416113531"", ""camera"": ""Fujifilm FinePix S5Pro"", ""create_date"": ""2008:04:13 11:25:58"", ""lens_model"": """", ""iso"": ""400"", ""exposure_time"": ""1/100"", ""exposure_program"": ""Manual"", ""exposure_compensation"": ""0"", ""aperture"": ""3.5"", ""focal_length"": ""27.0 mm"", ""focal_length_in35mm"": ""41 mm"", ""white_balance"": ""Manual"", ""metering_mode"": ""Multi-segment"", ""flash"": ""Off, Did not fire"", ""pageid"": ""7672""}"
2416113137|70202166@N00|7672|Fujifilm FinePix S5Pro|Fujifilm|70202166@N00_Fujifilm_2e10b77e.json|"{""id"": ""2416113137"", ""owner"": ""70202166@N00"", ""title"": ""DSCF3754"", ""realname"": """", ""ownername"": ""黑麵之路‧不由分說"", ""datetaken"": ""2008-04-13 11:21:40"", ""max_width"": 492, ""max_height"": 736, ""url_max"": ""https://live.staticflickr.com/2147/2416113137_41f44ff0f1_c.jpg"", ""max_width_2000"": 492, ""max_height_2000"": 736, ""url_max_2000"": ""https://live.staticflickr.com/2147/2416113137_41f44ff0f1_c.jpg"", ""flickr_page"": ""https://www.flickr.com/photos/70202166@N00/2416113137"", ""camera"": ""Fujifilm FinePix S5Pro"", ""create_date"": ""2008:04:13 11:21:40"", ""lens_model"": """", ""iso"": ""400"", ""exposure_time"": ""1/100"", ""exposure_program"": ""Manual"", ""exposure_compensation"": ""0"", ""aperture"": ""3.2"", ""focal_length"": ""56.0 mm"", ""focal_length_in35mm"": ""84 mm"", ""white_balance"": ""Manual"", ""metering_mode"": ""Multi-segment"", ""flash"": ""Off, Did not fire"", ""pageid"": ""7672""}"
2416112711|70202166@N00|7672|Fujifilm FinePix S5Pro|Fujifilm|70202166@N00_Fujifilm_2e10b77e.json|"{""id"": ""2416112711"", ""owner"": ""70202166@N00"", ""title"": ""DSCF3751"", ""realname"": """", ""ownername"": ""黑麵之路‧不由分說"", ""datetaken"": ""2008-04-13 11:21:27"", ""max_width"": 492, ""max_height"": 736, ""url_max"": ""https://live.staticflickr.com/2382/2416112711_310173eb4d_c.jpg"", ""max_width_2000"": 492, ""max_height_2000"": 736, ""url_max_2000"": ""https://live.staticflickr.com/2382/2416112711_310173eb4d_c.jpg"", ""flickr_page"": ""https://www.flickr.com/photos/70202166@N00/2416112711"", ""camera"": ""Fujifilm FinePix S5Pro"", ""create_date"": ""2008:04:13 11:21:27"", ""lens_model"": """", ""iso"": ""400"", ""exposure_time"": ""1/100"", ""exposure_program"": ""Manual"", ""exposure_compensation"": ""0"", ""aperture"": ""3.2"", ""focal_length"": ""32.0 mm"", ""focal_length_in35mm"": ""48 mm"", ""white_balance"": ""Manual"", ""metering_mode"": ""Multi-segment"", ""flash"": ""Off, Did not fire"", ""pageid"": ""7672""}"
2416932278|70202166@N00|7672|Fujifilm FinePix S5Pro|Fujifilm|70202166@N00_Fujifilm_2e10b77e.json|"{""id"": ""2416932278"", ""owner"": ""70202166@N00"", ""title"": ""DSCF3750"", ""realname"": """", ""ownername"": ""黑麵之路‧不由分說"", ""datetaken"": ""2008-04-13 11:21:22"", ""max_width"": 492, ""max_height"": 736, ""url_max"": ""https://live.staticflickr.com/2178/2416932278_c03c3d2e25_c.jpg"", ""max_width_2000"": 492, ""max_height_2000"": 736, ""url_max_2000"": ""https://live.staticflickr.com/2178/2416932278_c03c3d2e25_c.jpg"", ""flickr_page"": ""https://www.flickr.com/photos/70202166@N00/2416932278"", ""camera"": ""Fujifilm FinePix S5Pro"", ""create_date"": ""2008:04:13 11:21:22"", ""lens_model"": """", ""iso"": ""400"", ""exposure_time"": ""1/100"", ""exposure_program"": ""Manual"", ""exposure_compensation"": ""0"", ""aperture"": ""3.2"", ""focal_length"": ""52.0 mm"", ""focal_length_in35mm"": ""78 mm"", ""white_balance"": ""Manual"", ""metering_mode"": ""Multi-segment"", ""flash"": ""Off, Did not fire"", ""pageid"": ""7672""}"
2416112991|70202166@N00|7672|Fujifilm FinePix S5Pro|Fujifilm|70202166@N00_Fujifilm_2e10b77e.json|"{""id"": ""2416112991"", ""owner"": ""70202166@N00"", ""title"": ""DSCF3753"", ""realname"": """", ""ownername"": ""黑麵之路‧不由分說"", ""datetaken"": ""2008-04-13 11:21:36"", ""max_width"": 492, ""max_height"": 736, ""url_max"": ""https://live.staticflickr.com/3062/2416112991_8a5fa28bc1_c.jpg"", ""max_width_2000"": 492, ""max_height_2000"": 736, ""url_max_2000"": ""https://live.staticflickr.com/3062/2416112991_8a5fa28bc1_c.jpg"", ""flickr_page"": ""https://www.flickr.com/photos/70202166@N00/2416112991"", ""camera"": ""Fujifilm FinePix S5Pro"", ""create_date"": ""2008:04:13 11:21:36"", ""lens_model"": """", ""iso"": ""400"", ""exposure_time"": ""1/100"", ""exposure_program"": ""Manual"", ""exposure_compensation"": ""0"", ""aperture"": ""3.2"", ""focal_length"": ""27.0 mm"", ""focal_length_in35mm"": ""41 mm"", ""white_balance"": ""Manual"", ""metering_mode"": ""Multi-segment"", ""flash"": ""Off, Did not fire"", ""pageid"": ""7672""}"
2416932944|70202166@N00|7672|Fujifilm FinePix S5Pro|Fujifilm|70202166@N00_Fujifilm_2e10b77e.json|"{""id"": ""2416932944"", ""owner"": ""70202166@N00"", ""title"": ""DSCF3755"", ""realname"": """", ""ownername"": ""黑麵之路‧不由分說"", ""datetaken"": ""2008-04-13 11:25:50"", ""max_width"": 492, ""max_height"": 736, ""url_max"": ""https://live.staticflickr.com/3123/2416932944_978c540b08_c.jpg"", ""max_width_2000"": 492, ""max_height_2000"": 736, ""url_max_2000"": ""https://live.staticflickr.com/3123/2416932944_978c540b08_c.jpg"", ""flickr_page"": ""https://www.flickr.com/photos/70202166@N00/2416932944"", ""camera"": ""Fujifilm FinePix S5Pro"", ""create_date"": ""2008:04:13 11:25:50"", ""lens_model"": """", ""iso"": ""400"", ""exposure_time"": ""1/100"", ""exposure_program"": ""Manual"", ""exposure_compensation"": ""0"", ""aperture"": ""3.5"", ""focal_length"": ""31.0 mm"", ""focal_length_in35mm"": ""47 mm"", ""white_balance"": ""Manual"", ""metering_mode"": ""Multi-segment"", ""flash"": ""Off, Did not fire"", ""pageid"": ""7672""}"
2416933292|70202166@N00|7672|Fujifilm FinePix S5Pro|Fujifilm|70202166@N00_Fujifilm_2e10b77e.json|"{""id"": ""2416933292"", ""owner"": ""70202166@N00"", ""title"": ""DSCF3758"", ""realname"": """", ""ownername"": ""黑麵之路‧不由分說"", ""datetaken"": ""2008-04-13 11:26:02"", ""max_width"": 492, ""max_height"": 736, ""url_max"": ""https://live.staticflickr.com/3060/2416933292_8ba158f613_c.jpg"", ""max_width_2000"": 492, ""max_height_2000"": 736, ""url_max_2000"": ""https://live.staticflickr.com/3060/2416933292_8ba158f613_c.jpg"", ""flickr_page"": ""https://www.flickr.com/photos/70202166@N00/2416933292"", ""camera"": ""Fujifilm FinePix S5Pro"", ""create_date"": ""2008:04:13 11:26:02"", ""lens_model"": """", ""iso"": ""400"", ""exposure_time"": ""1/100"", ""exposure_program"": ""Manual"", ""exposure_compensation"": ""0"", ""aperture"": ""3.5"", ""focal_length"": ""28.0 mm"", ""focal_length_in35mm"": ""42 mm"", ""white_balance"": ""Manual"", ""metering_mode"": ""Multi-segment"", ""flash"": ""Off, Did not fire"", ""pageid"": ""7672""}"
2416934164|70202166@N00|7672|Fujifilm FinePix S5Pro|Fujifilm|70202166@N00_Fujifilm_2e10b77e.json|"{""id"": ""2416934164"", ""owner"": ""70202166@N00"", ""title"": ""DSCF3764"", ""realname"": """", ""ownername"": ""黑麵之路‧不由分說"", ""datetaken"": ""2008-04-13 11:26:23"", ""max_width"": 492, ""max_height"": 736, ""url_max"": ""https://live.staticflickr.com/2039/2416934164_0e8fa9e110_c.jpg"", ""max_width_2000"": 492, ""max_height_2000"": 736, ""url_max_2000"": ""https://live.staticflickr.com/2039/2416934164_0e8fa9e110_c.jpg"", ""flickr_page"": ""https://www.flickr.com/photos/70202166@N00/2416934164"", ""camera"": ""Fujifilm FinePix S5Pro"", ""create_date"": ""2008:04:13 11:26:23"", ""lens_model"": """", ""iso"": ""400"", ""exposure_time"": ""1/100"", ""exposure_program"": ""Manual"", ""exposure_compensation"": ""0"", ""aperture"": ""3.5"", ""focal_length"": ""58.0 mm"", ""focal_length_in35mm"": ""87 mm"", ""white_balance"": ""Manual"", ""metering_mode"": ""Multi-segment"", ""flash"": ""Off, Did not fire"", ""pageid"": ""7672""}"
2416933452|70202166@N00|7672|Fujifilm FinePix S5Pro|Fujifilm|70202166@N00_Fujifilm_2e10b77e.json|"{""id"": ""2416933452"", ""owner"": ""70202166@N00"", ""title"": ""DSCF3759"", ""realname"": """", ""ownername"": ""黑麵之路‧不由分說"", ""datetaken"": ""2008-04-13 11:26:03"", ""max_width"": 492, ""max_height"": 736, ""url_max"": ""https://live.staticflickr.com/2371/2416933452_ec5766819d_c.jpg"", ""max_width_2000"": 492, ""max_height_2000"": 736, ""url_max_2000"": ""https://live.staticflickr.com/2371/2416933452_ec5766819d_c.jpg"", ""flickr_page"": ""https://www.flickr.com/photos/70202166@N00/2416933452"", ""camera"": ""Fujifilm FinePix S5Pro"", ""create_date"": ""2008:04:13 11:26:03"", ""lens_model"": """", ""iso"": ""400"", ""exposure_time"": ""1/100"", ""exposure_program"": ""Manual"", ""exposure_compensation"": ""0"", ""aperture"": ""3.5"", ""focal_length"": ""27.0 mm"", ""focal_length_in35mm"": ""41 mm"", ""white_balance"": ""Manual"", ""metering_mode"": ""Multi-segment"", ""flash"": ""Off, Did not fire"", ""pageid"": ""7672""}"
2416933586|70202166@N00|7672|Fujifilm FinePix S5Pro|Fujifilm|70202166@N00_Fujifilm_2e10b77e.json|"{""id"": ""2416933586"", ""owner"": ""70202166@N00"", ""title"": ""DSCF3760"", ""realname"": """", ""ownername"": ""黑麵之路‧不由分說"", ""datetaken"": ""2008-04-13 11:26:05"", ""max_width"": 492, ""max_height"": 736, ""url_max"": ""https://live.staticflickr.com/2360/2416933586_7e682afb8c_c.jpg"", ""max_width_2000"": 492, ""max_height_2000"": 736, ""url_max_2000"": ""https://live.staticflickr.com/2360/2416933586_7e682afb8c_c.jpg"", ""flickr_page"": ""https://www.flickr.com/photos/70202166@N00/2416933586"", ""camera"": ""Fujifilm FinePix S5Pro"", ""create_date"": ""2008:04:13 11:26:05"", ""lens_model"": """", ""iso"": ""400"", ""exposure_time"": ""1/100"", ""exposure_program"": ""Manual"", ""exposure_compensation"": ""0"", ""aperture"": ""3.5"", ""focal_length"": ""35.0 mm"", ""focal_length_in35mm"": ""53 mm"", ""white_balance"": ""Manual"", ""metering_mode"": ""Multi-segment"", ""flash"": ""Off, Did not fire"", ""pageid"": ""7672""}"
2416933874|70202166@N00|7672|Fujifilm FinePix S5Pro|Fujifilm|70202166@N00_Fujifilm_2e10b77e.json|"{""id"": ""2416933874"", ""owner"": ""70202166@N00"", ""title"": ""DSCF3762"", ""realname"": """", ""ownername"": ""黑麵之路‧不由分說"", ""datetaken"": ""2008-04-13 11:26:18"", ""max_width"": 492, ""max_height"": 736, ""url_max"": ""https://live.staticflickr.com/3209/2416933874_331d41fa3c_c.jpg"", ""max_width_2000"": 492, ""max_height_2000"": 736, ""url_max_2000"": ""https://live.staticflickr.com/3209/2416933874_331d41fa3c_c.jpg"", ""flickr_page"": ""https://www.flickr.com/photos/70202166@N00/2416933874"", ""camera"": ""Fujifilm FinePix S5Pro"", ""create_date"": ""2008:04:13 11:26:18"", ""lens_model"": """", ""iso"": ""400"", ""exposure_time"": ""1/100"", ""exposure_program"": ""Manual"", ""exposure_compensation"": ""0"", ""aperture"": ""3.5"", ""focal_length"": ""56.0 mm"", ""focal_length_in35mm"": ""84 mm"", ""white_balance"": ""Manual"", ""metering_mode"": ""Multi-segment"", ""flash"": ""Off, Did not fire"", ""pageid"": ""7672""}"
2416934270|70202166@N00|7672|Fujifilm FinePix S5Pro|Fujifilm|70202166@N00_Fujifilm_2e10b77e.json|"{""id"": ""2416934270"", ""owner"": ""70202166@N00"", ""title"": ""DSCF3765"", ""realname"": """", ""ownername"": ""黑麵之路‧不由分說"", ""datetaken"": ""2008-04-13 11:26:46"", ""max_width"": 492, ""max_height"": 736, ""url_max"": ""https://live.staticflickr.com/2125/2416934270_361c75e85a_c.jpg"", ""max_width_2000"": 492, ""max_height_2000"": 736, ""url_max_2000"": ""https://live.staticflickr.com/2125/2416934270_361c75e85a_c.jpg"", ""flickr_page"": ""https://www.flickr.com/photos/70202166@N00/2416934270"", ""camera"": ""Fujifilm FinePix S5Pro"", ""create_date"": ""2008:04:13 11:26:46"", ""lens_model"": """", ""iso"": ""400"", ""exposure_time"": ""1/100"", ""exposure_program"": ""Manual"", ""exposure_compensation"": ""0"", ""aperture"": ""3.5"", ""focal_length"": ""27.0 mm"", ""focal_length_in35mm"": ""41 mm"", ""white_balance"": ""Manual"", ""metering_mode"": ""Multi-segment"", ""flash"": ""Off, Did not fire"", ""pageid"": ""7672""}"
2416934012|70202166@N00|7672|Fujifilm FinePix S5Pro|Fujifilm|70202166@N00_Fujifilm_2e10b77e.json|"{""id"": ""2416934012"", ""owner"": ""70202166@N00"", ""title"": ""DSCF3763"", ""realname"": """", ""ownername"": ""黑麵之路‧不由分說"", ""datetaken"": ""2008-04-13 11:26:21"", ""max_width"": 492, ""max_height"": 736, ""url_max"": ""https://live.staticflickr.com/2243/2416934012_c7555cd747_c.jpg"", ""max_width_2000"": 492, ""max_height_2000"": 736, ""url_max_2000"": ""https://live.staticflickr.com/2243/2416934012_c7555cd747_c.jpg"", ""flickr_page"": ""https://www.flickr.com/photos/70202166@N00/2416934012"", ""camera"": ""Fujifilm FinePix S5Pro"", ""create_date"": ""2008:04:13 11:26:21"", ""lens_model"": """", ""iso"": ""400"", ""exposure_time"": ""1/100"", ""exposure_program"": ""Manual"", ""exposure_compensation"": ""0"", ""aperture"": ""3.5"", ""focal_length"": ""58.0 mm"", ""focal_length_in35mm"": ""87 mm"", ""white_balance"": ""Manual"", ""metering_mode"": ""Multi-segment"", ""flash"": ""Off, Did not fire"", ""pageid"": ""7672""}"
2416934412|70202166@N00|7672|Fujifilm FinePix S5Pro|Fujifilm|70202166@N00_Fujifilm_2e10b77e.json|"{""id"": ""2416934412"", ""owner"": ""70202166@N00"", ""title"": ""DSCF3766"", ""realname"": """", ""ownername"": ""黑麵之路‧不由分說"", ""datetaken"": ""2008-04-13 11:26:50"", ""max_width"": 492, ""max_height"": 736, ""url_max"": ""https://live.staticflickr.com/2140/2416934412_fb4db459f8_c.jpg"", ""max_width_2000"": 492, ""max_height_2000"": 736, ""url_max_2000"": ""https://live.staticflickr.com/2140/2416934412_fb4db459f8_c.jpg"", ""flickr_page"": ""https://www.flickr.com/photos/70202166@N00/2416934412"", ""camera"": ""Fujifilm FinePix S5Pro"", ""create_date"": ""2008:04:13 11:26:50"", ""lens_model"": """", ""iso"": ""400"", ""exposure_time"": ""1/100"", ""exposure_program"": ""Manual"", ""exposure_compensation"": ""0"", ""aperture"": ""3.5"", ""focal_length"": ""48.0 mm"", ""focal_length_in35mm"": ""72 mm"", ""white_balance"": ""Manual"", ""metering_mode"": ""Multi-segment"", ""flash"": ""Off, Did not fire"", ""pageid"": ""7672""}"
2416934564|70202166@N00|7672|Fujifilm FinePix S5Pro|Fujifilm|70202166@N00_Fujifilm_2e10b77e.json|"{""id"": ""2416934564"", ""owner"": ""70202166@N00"", ""title"": ""DSCF3767"", ""realname"": """", ""ownername"": ""黑麵之路‧不由分說"", ""datetaken"": ""2008-04-13 11:26:51"", ""max_width"": 492, ""max_height"": 736, ""url_max"": ""https://live.staticflickr.com/2400/2416934564_ac1f875892_c.jpg"", ""max_width_2000"": 492, ""max_height_2000"": 736, ""url_max_2000"": ""https://live.staticflickr.com/2400/2416934564_ac1f875892_c.jpg"", ""flickr_page"": ""https://www.flickr.com/photos/70202166@N00/2416934564"", ""camera"": ""Fujifilm FinePix S5Pro"", ""create_date"": ""2008:04:13 11:26:51"", ""lens_model"": """", ""iso"": ""400"", ""exposure_time"": ""1/100"", ""exposure_program"": ""Manual"", ""exposure_compensation"": ""0"", ""aperture"": ""3.5"", ""focal_length"": ""50.0 mm"", ""focal_length_in35mm"": ""75 mm"", ""white_balance"": ""Manual"", ""metering_mode"": ""Multi-segment"", ""flash"": ""Off, Did not fire"", ""pageid"": ""7672""}"
2416934674|70202166@N00|7672|Fujifilm FinePix S5Pro|Fujifilm|70202166@N00_Fujifilm_2e10b77e.json|"{""id"": ""2416934674"", ""owner"": ""70202166@N00"", ""title"": ""DSCF3768"", ""realname"": """", ""ownername"": ""黑麵之路‧不由分說"", ""datetaken"": ""2008-04-13 11:26:54"", ""max_width"": 492, ""max_height"": 736, ""url_max"": ""https://live.staticflickr.com/3100/2416934674_a01eb163d4_c.jpg"", ""max_width_2000"": 492, ""max_height_2000"": 736, ""url_max_2000"": ""https://live.staticflickr.com/3100/2416934674_a01eb163d4_c.jpg"", ""flickr_page"": ""https://www.flickr.com/photos/70202166@N00/2416934674"", ""camera"": ""Fujifilm FinePix S5Pro"", ""create_date"": ""2008:04:13 11:26:54"", ""lens_model"": """", ""iso"": ""400"", ""exposure_time"": ""1/100"", ""exposure_program"": ""Manual"", ""exposure_compensation"": ""0"", ""aperture"": ""3.5"", ""focal_length"": ""50.0 mm"", ""focal_length_in35mm"": ""75 mm"", ""white_balance"": ""Manual"", ""metering_mode"": ""Multi-segment"", ""flash"": ""Off, Did not fire"", ""pageid"": ""7672""}"
2416934978|70202166@N00|7672|Fujifilm FinePix S5Pro|Fujifilm|70202166@N00_Fujifilm_2e10b77e.json|"{""id"": ""2416934978"", ""owner"": ""70202166@N00"", ""title"": ""DSCF3770"", ""realname"": """", ""ownername"": ""黑麵之路‧不由分說"", ""datetaken"": ""2008-04-13 11:27:01"", ""max_width"": 492, ""max_height"": 736, ""url_max"": ""https://live.staticflickr.com/2398/2416934978_be8a164e00_c.jpg"", ""max_width_2000"": 492, ""max_height_2000"": 736, ""url_max_2000"": ""https://live.staticflickr.com/2398/2416934978_be8a164e00_c.jpg"", ""flickr_page"": ""https://www.flickr.com/photos/70202166@N00/2416934978"", ""camera"": ""Fujifilm FinePix S5Pro"", ""create_date"": ""2008:04:13 11:27:01"", ""lens_model"": """", ""iso"": ""400"", ""exposure_time"": ""1/100"", ""exposure_program"": ""Manual"", ""exposure_compensation"": ""0"", ""aperture"": ""3.5"", ""focal_length"": ""27.0 mm"", ""focal_length_in35mm"": ""41 mm"", ""white_balance"": ""Manual"", ""metering_mode"": ""Multi-segment"", ""flash"": ""Off, Did not fire"", ""pageid"": ""7672""}"
2416934802|70202166@N00|7672|Fujifilm FinePix S5Pro|Fujifilm|70202166@N00_Fujifilm_2e10b77e.json|"{""id"": ""2416934802"", ""owner"": ""70202166@N00"", ""title"": ""DSCF3769"", ""realname"": """", ""ownername"": ""黑麵之路‧不由分說"", ""datetaken"": ""2008-04-13 11:26:56"", ""max_width"": 492, ""max_height"": 736, ""url_max"": ""https://live.staticflickr.com/2378/2416934802_2c158e0021_c.jpg"", ""max_width_2000"": 492, ""max_height_2000"": 736, ""url_max_2000"": ""https://live.staticflickr.com/2378/2416934802_2c158e0021_c.jpg"", ""flickr_page"": ""https://www.flickr.com/photos/70202166@N00/2416934802"", ""camera"": ""Fujifilm FinePix S5Pro"", ""create_date"": ""2008:04:13 11:26:56"", ""lens_model"": """", ""iso"": ""400"", ""exposure_time"": ""1/100"", ""exposure_program"": ""Manual"", ""exposure_compensation"": ""0"", ""aperture"": ""3.5"", ""focal_length"": ""42.0 mm"", ""focal_length_in35mm"": ""63 mm"", ""white_balance"": ""Manual"", ""metering_mode"": ""Multi-segment"", ""flash"": ""Off, Did not fire"", ""pageid"": ""7672""}"
2416935246|70202166@N00|7672|Fujifilm FinePix S5Pro|Fujifilm|70202166@N00_Fujifilm_2e10b77e.json|"{""id"": ""2416935246"", ""owner"": ""70202166@N00"", ""title"": ""DSCF3772"", ""realname"": """", ""ownername"": ""黑麵之路‧不由分說"", ""datetaken"": ""2008-04-13 11:27:05"", ""max_width"": 492, ""max_height"": 736, ""url_max"": ""https://live.staticflickr.com/2219/2416935246_8d980ec4d9_c.jpg"", ""max_width_2000"": 492, ""max_height_2000"": 736, ""url_max_2000"": ""https://live.staticflickr.com/2219/2416935246_8d980ec4d9_c.jpg"", ""flickr_page"": ""https://www.flickr.com/photos/70202166@N00/2416935246"", ""camera"": ""Fujifilm FinePix S5Pro"", ""create_date"": ""2008:04:13 11:27:05"", ""lens_model"": """", ""iso"": ""400"", ""exposure_time"": ""1/100"", ""exposure_program"": ""Manual"", ""exposure_compensation"": ""0"", ""aperture"": ""3.5"", ""focal_length"": ""45.0 mm"", ""focal_length_in35mm"": ""68 mm"", ""white_balance"": ""Manual"", ""metering_mode"": ""Multi-segment"", ""flash"": ""Off, Did not fire"", ""pageid"": ""7672""}"
2416935110|70202166@N00|7672|Fujifilm FinePix S5Pro|Fujifilm|70202166@N00_Fujifilm_2e10b77e.json|"{""id"": ""2416935110"", ""owner"": ""70202166@N00"", ""title"": ""DSCF3771"", ""realname"": """", ""ownername"": ""黑麵之路‧不由分說"", ""datetaken"": ""2008-04-13 11:27:02"", ""max_width"": 492, ""max_height"": 736, ""url_max"": ""https://live.staticflickr.com/2209/2416935110_fa3838e5ce_c.jpg"", ""max_width_2000"": 492, ""max_height_2000"": 736, ""url_max_2000"": ""https://live.staticflickr.com/2209/2416935110_fa3838e5ce_c.jpg"", ""flickr_page"": ""https://www.flickr.com/photos/70202166@N00/2416935110"", ""camera"": ""Fujifilm FinePix S5Pro"", ""create_date"": ""2008:04:13 11:27:02"", ""lens_model"": """", ""iso"": ""400"", ""exposure_time"": ""1/100"", ""exposure_program"": ""Manual"", ""exposure_compensation"": ""0"", ""aperture"": ""3.5"", ""focal_length"": ""32.0 mm"", ""focal_length_in35mm"": ""48 mm"", ""white_balance"": ""Manual"", ""metering_mode"": ""Multi-segment"", ""flash"": ""Off, Did not fire"", ""pageid"": ""7672""}"
2416109883|70202166@N00|7673|Fujifilm FinePix S5Pro|Fujifilm|70202166@N00_Fujifilm_2e10b77e.json|"{""id"": ""2416109883"", ""owner"": ""70202166@N00"", ""title"": ""DSCF3732"", ""realname"": """", ""ownername"": ""黑麵之路‧不由分說"", ""datetaken"": ""2008-04-13 11:16:06"", ""max_width"": 492, ""max_height"": 736, ""url_max"": ""https://live.staticflickr.com/2138/2416109883_e6be9f17ed_c.jpg"", ""max_width_2000"": 492, ""max_height_2000"": 736, ""url_max_2000"": ""https://live.staticflickr.com/2138/2416109883_e6be9f17ed_c.jpg"", ""flickr_page"": ""https://www.flickr.com/photos/70202166@N00/2416109883"", ""camera"": ""Fujifilm FinePix S5Pro"", ""create_date"": ""2008:04:13 11:16:06"", ""lens_model"": """", ""iso"": ""400"", ""exposure_time"": ""1/100"", ""exposure_program"": ""Manual"", ""exposure_compensation"": ""0"", ""aperture"": ""3.2"", ""focal_length"": ""55.0 mm"", ""focal_length_in35mm"": ""83 mm"", ""white_balance"": ""Manual"", ""metering_mode"": ""Multi-segment"", ""flash"": ""Off, Did not fire"", ""pageid"": ""7673""}"
2416108893|70202166@N00|7673|Fujifilm FinePix S5Pro|Fujifilm|70202166@N00_Fujifilm_2e10b77e.json|"{""id"": ""2416108893"", ""owner"": ""70202166@N00"", ""title"": ""DSCF3725"", ""realname"": """", ""ownername"": ""黑麵之路‧不由分說"", ""datetaken"": ""2008-04-13 11:15:30"", ""max_width"": 492, ""max_height"": 736, ""url_max"": ""https://live.staticflickr.com/2376/2416108893_958f00382f_c.jpg"", ""max_width_2000"": 492, ""max_height_2000"": 736, ""url_max_2000"": ""https://live.staticflickr.com/2376/2416108893_958f00382f_c.jpg"", ""flickr_page"": ""https://www.flickr.com/photos/70202166@N00/2416108893"", ""camera"": ""Fujifilm FinePix S5Pro"", ""create_date"": ""2008:04:13 11:15:30"", ""lens_model"": """", ""iso"": ""400"", ""exposure_time"": ""1/100"", ""exposure_program"": ""Manual"", ""exposure_compensation"": ""0"", ""aperture"": ""3.2"", ""focal_length"": ""32.0 mm"", ""focal_length_in35mm"": ""48 mm"", ""white_balance"": ""Manual"", ""metering_mode"": ""Multi-segment"", ""flash"": ""Off, Did not fire"", ""pageid"": ""7673""}"
2416110313|70202166@N00|7673|Fujifilm FinePix S5Pro|Fujifilm|70202166@N00_Fujifilm_2e10b77e.json|"{""id"": ""2416110313"", ""owner"": ""70202166@N00"", ""title"": ""DSCF3735"", ""realname"": """", ""ownername"": ""黑麵之路‧不由分說"", ""datetaken"": ""2008-04-13 11:20:50"", ""max_width"": 492, ""max_height"": 736, ""url_max"": ""https://live.staticflickr.com/2250/2416110313_c6f4d7392d_c.jpg"", ""max_width_2000"": 492, ""max_height_2000"": 736, ""url_max_2000"": ""https://live.staticflickr.com/2250/2416110313_c6f4d7392d_c.jpg"", ""flickr_page"": ""https://www.flickr.com/photos/70202166@N00/2416110313"", ""camera"": ""Fujifilm FinePix S5Pro"", ""create_date"": ""2008:04:13 11:20:50"", ""lens_model"": """", ""iso"": ""400"", ""exposure_time"": ""1/100"", ""exposure_program"": ""Manual"", ""exposure_compensation"": ""0"", ""aperture"": ""3.2"", ""focal_length"": ""29.0 mm"", ""focal_length_in35mm"": ""44 mm"", ""white_balance"": ""Manual"", ""metering_mode"": ""Multi-segment"", ""flash"": ""Off, Did not fire"", ""pageid"": ""7673""}"
2416111803|70202166@N00|7673|Fujifilm FinePix S5Pro|Fujifilm|70202166@N00_Fujifilm_2e10b77e.json|"{""id"": ""2416111803"", ""owner"": ""70202166@N00"", ""title"": ""DSCF3745"", ""realname"": """", ""ownername"": ""黑麵之路‧不由分說"", ""datetaken"": ""2008-04-13 11:21:12"", ""max_width"": 492, ""max_height"": 736, ""url_max"": ""https://live.staticflickr.com/2054/2416111803_259239482a_c.jpg"", ""max_width_2000"": 492, ""max_height_2000"": 736, ""url_max_2000"": ""https://live.staticflickr.com/2054/2416111803_259239482a_c.jpg"", ""flickr_page"": ""https://www.flickr.com/photos/70202166@N00/2416111803"", ""camera"": ""Fujifilm FinePix S5Pro"", ""create_date"": ""2008:04:13 11:21:12"", ""lens_model"": """", ""iso"": ""400"", ""exposure_time"": ""1/100"", ""exposure_program"": ""Manual"", ""exposure_compensation"": ""0"", ""aperture"": ""3.2"", ""focal_length"": ""58.0 mm"", ""focal_length_in35mm"": ""87 mm"", ""white_balance"": ""Manual"", ""metering_mode"": ""Multi-segment"", ""flash"": ""Off, Did not fire"", ""pageid"": ""7673""}"
2416111495|70202166@N00|7673|Fujifilm FinePix S5Pro|Fujifilm|70202166@N00_Fujifilm_2e10b77e.json|"{""id"": ""2416111495"", ""owner"": ""70202166@N00"", ""title"": ""DSCF3743"", ""realname"": """", ""ownername"": ""黑麵之路‧不由分說"", ""datetaken"": ""2008-04-13 11:21:05"", ""max_width"": 492, ""max_height"": 736, ""url_max"": ""https://live.staticflickr.com/2325/2416111495_495219886b_c.jpg"", ""max_width_2000"": 492, ""max_height_2000"": 736, ""url_max_2000"": ""https://live.staticflickr.com/2325/2416111495_495219886b_c.jpg"", ""flickr_page"": ""https://www.flickr.com/photos/70202166@N00/2416111495"", ""camera"": ""Fujifilm FinePix S5Pro"", ""create_date"": ""2008:04:13 11:21:05"", ""lens_model"": """", ""iso"": ""400"", ""exposure_time"": ""1/100"", ""exposure_program"": ""Manual"", ""exposure_compensation"": ""0"", ""aperture"": ""3.2"", ""focal_length"": ""44.0 mm"", ""focal_length_in35mm"": ""66 mm"", ""white_balance"": ""Manual"", ""metering_mode"": ""Multi-segment"", ""flash"": ""Off, Did not fire"", ""pageid"": ""7673""}"
2416109409|70202166@N00|7673|Fujifilm FinePix S5Pro|Fujifilm|70202166@N00_Fujifilm_2e10b77e.json|"{""id"": ""2416109409"", ""owner"": ""70202166@N00"", ""title"": ""DSCF3729"", ""realname"": """", ""ownername"": ""黑麵之路‧不由分說"", ""datetaken"": ""2008-04-13 11:15:43"", ""max_width"": 492, ""max_height"": 736, ""url_max"": ""https://live.staticflickr.com/3018/2416109409_c72f778cc8_c.jpg"", ""max_width_2000"": 492, ""max_height_2000"": 736, ""url_max_2000"": ""https://live.staticflickr.com/3018/2416109409_c72f778cc8_c.jpg"", ""flickr_page"": ""https://www.flickr.com/photos/70202166@N00/2416109409"", ""camera"": ""Fujifilm FinePix S5Pro"", ""create_date"": ""2008:04:13 11:15:43"", ""lens_model"": """", ""iso"": ""400"", ""exposure_time"": ""1/100"", ""exposure_program"": ""Manual"", ""exposure_compensation"": ""0"", ""aperture"": ""3.2"", ""focal_length"": ""44.0 mm"", ""focal_length_in35mm"": ""66 mm"", ""white_balance"": ""Manual"", ""metering_mode"": ""Multi-segment"", ""flash"": ""Off, Did not fire"", ""pageid"": ""7673""}"
2416111979|70202166@N00|7673|Fujifilm FinePix S5Pro|Fujifilm|70202166@N00_Fujifilm_2e10b77e.json|"{""id"": ""2416111979"", ""owner"": ""70202166@N00"", ""title"": ""DSCF3746"", ""realname"": """", ""ownername"": ""黑麵之路‧不由分說"", ""datetaken"": ""2008-04-13 11:21:14"", ""max_width"": 492, ""max_height"": 736, ""url_max"": ""https://live.staticflickr.com/3033/2416111979_1173093d7d_c.jpg"", ""max_width_2000"": 492, ""max_height_2000"": 736, ""url_max_2000"": ""https://live.staticflickr.com/3033/2416111979_1173093d7d_c.jpg"", ""flickr_page"": ""https://www.flickr.com/photos/70202166@N00/2416111979"", ""camera"": ""Fujifilm FinePix S5Pro"", ""create_date"": ""2008:04:13 11:21:14"", ""lens_model"": """", ""iso"": ""400"", ""exposure_time"": ""1/100"", ""exposure_program"": ""Manual"", ""exposure_compensation"": ""0"", ""aperture"": ""3.2"", ""focal_length"": ""60.0 mm"", ""focal_length_in35mm"": ""90 mm"", ""white_balance"": ""Manual"", ""metering_mode"": ""Multi-segment"", ""flash"": ""Off, Did not fire"", ""pageid"": ""7673""}"
2416109735|70202166@N00|7673|Fujifilm FinePix S5Pro|Fujifilm|70202166@N00_Fujifilm_2e10b77e.json|"{""id"": ""2416109735"", ""owner"": ""70202166@N00"", ""title"": ""DSCF3731"", ""realname"": """", ""ownername"": ""黑麵之路‧不由分說"", ""datetaken"": ""2008-04-13 11:15:52"", ""max_width"": 492, ""max_height"": 736, ""url_max"": ""https://live.staticflickr.com/3255/2416109735_6c9ffbb067_c.jpg"", ""max_width_2000"": 492, ""max_height_2000"": 736, ""url_max_2000"": ""https://live.staticflickr.com/3255/2416109735_6c9ffbb067_c.jpg"", ""flickr_page"": ""https://www.flickr.com/photos/70202166@N00/2416109735"", ""camera"": ""Fujifilm FinePix S5Pro"", ""create_date"": ""2008:04:13 11:15:52"", ""lens_model"": """", ""iso"": ""400"", ""exposure_time"": ""1/100"", ""exposure_program"": ""Manual"", ""exposure_compensation"": ""0"", ""aperture"": ""3.2"", ""focal_length"": ""50.0 mm"", ""focal_length_in35mm"": ""75 mm"", ""white_balance"": ""Manual"", ""metering_mode"": ""Multi-segment"", ""flash"": ""Off, Did not fire"", ""pageid"": ""7673""}"
2416110469|70202166@N00|7673|Fujifilm FinePix S5Pro|Fujifilm|70202166@N00_Fujifilm_2e10b77e.json|"{""id"": ""2416110469"", ""owner"": ""70202166@N00"", ""title"": ""DSCF3736"", ""realname"": """", ""ownername"": ""黑麵之路‧不由分說"", ""datetaken"": ""2008-04-13 11:20:52"", ""max_width"": 492, ""max_height"": 736, ""url_max"": ""https://live.staticflickr.com/3119/2416110469_7696b0f4ab_c.jpg"", ""max_width_2000"": 492, ""max_height_2000"": 736, ""url_max_2000"": ""https://live.staticflickr.com/3119/2416110469_7696b0f4ab_c.jpg"", ""flickr_page"": ""https://www.flickr.com/photos/70202166@N00/2416110469"", ""camera"": ""Fujifilm FinePix S5Pro"", ""create_date"": ""2008:04:13 11:20:52"", ""lens_model"": """", ""iso"": ""400"", ""exposure_time"": ""1/100"", ""exposure_program"": ""Manual"", ""exposure_compensation"": ""0"", ""aperture"": ""3.2"", ""focal_length"": ""28.0 mm"", ""focal_length_in35mm"": ""42 mm"", ""white_balance"": ""Manual"", ""metering_mode"": ""Multi-segment"", ""flash"": ""Off, Did not fire"", ""pageid"": ""7673""}"
2416110019|70202166@N00|7673|Fujifilm FinePix S5Pro|Fujifilm|70202166@N00_Fujifilm_2e10b77e.json|"{""id"": ""2416110019"", ""owner"": ""70202166@N00"", ""title"": ""DSCF3733"", ""realname"": """", ""ownername"": ""黑麵之路‧不由分說"", ""datetaken"": ""2008-04-13 11:16:10"", ""max_width"": 492, ""max_height"": 736, ""url_max"": ""https://live.staticflickr.com/2330/2416110019_d7b4e32a85_c.jpg"", ""max_width_2000"": 492, ""max_height_2000"": 736, ""url_max_2000"": ""https://live.staticflickr.com/2330/2416110019_d7b4e32a85_c.jpg"", ""flickr_page"": ""https://www.flickr.com/photos/70202166@N00/2416110019"", ""camera"": ""Fujifilm FinePix S5Pro"", ""create_date"": ""2008:04:13 11:16:10"", ""lens_model"": """", ""iso"": ""400"", ""exposure_time"": ""1/100"", ""exposure_program"": ""Manual"", ""exposure_compensation"": ""0"", ""aperture"": ""3.2"", ""focal_length"": ""48.0 mm"", ""focal_length_in35mm"": ""72 mm"", ""white_balance"": ""Manual"", ""metering_mode"": ""Multi-segment"", ""flash"": ""Off, Did not fire"", ""pageid"": ""7673""}"
2416929416|70202166@N00|7673|Fujifilm FinePix S5Pro|Fujifilm|70202166@N00_Fujifilm_2e10b77e.json|"{""id"": ""2416929416"", ""owner"": ""70202166@N00"", ""title"": ""DSCF3730"", ""realname"": """", ""ownername"": ""黑麵之路‧不由分說"", ""datetaken"": ""2008-04-13 11:15:47"", ""max_width"": 492, ""max_height"": 736, ""url_max"": ""https://live.staticflickr.com/2299/2416929416_08549e53fa_c.jpg"", ""max_width_2000"": 492, ""max_height_2000"": 736, ""url_max_2000"": ""https://live.staticflickr.com/2299/2416929416_08549e53fa_c.jpg"", ""flickr_page"": ""https://www.flickr.com/photos/70202166@N00/2416929416"", ""camera"": ""Fujifilm FinePix S5Pro"", ""create_date"": ""2008:04:13 11:15:47"", ""lens_model"": """", ""iso"": ""400"", ""exposure_time"": ""1/100"", ""exposure_program"": ""Manual"", ""exposure_compensation"": ""0"", ""aperture"": ""3.2"", ""focal_length"": ""40.0 mm"", ""focal_length_in35mm"": ""60 mm"", ""white_balance"": ""Manual"", ""metering_mode"": ""Multi-segment"", ""flash"": ""Off, Did not fire"", ""pageid"": ""7673""}"
2416928962|70202166@N00|7673|Fujifilm FinePix S5Pro|Fujifilm|70202166@N00_Fujifilm_2e10b77e.json|"{""id"": ""2416928962"", ""owner"": ""70202166@N00"", ""title"": ""DSCF3727"", ""realname"": """", ""ownername"": ""黑麵之路‧不由分說"", ""datetaken"": ""2008-04-13 11:15:37"", ""max_width"": 492, ""max_height"": 736, ""url_max"": ""https://live.staticflickr.com/2090/2416928962_277f10bcae_c.jpg"", ""max_width_2000"": 492, ""max_height_2000"": 736, ""url_max_2000"": ""https://live.staticflickr.com/2090/2416928962_277f10bcae_c.jpg"", ""flickr_page"": ""https://www.flickr.com/photos/70202166@N00/2416928962"", ""camera"": ""Fujifilm FinePix S5Pro"", ""create_date"": ""2008:04:13 11:15:37"", ""lens_model"": """", ""iso"": ""400"", ""exposure_time"": ""1/100"", ""exposure_program"": ""Manual"", ""exposure_compensation"": ""0"", ""aperture"": ""3.2"", ""focal_length"": ""40.0 mm"", ""focal_length_in35mm"": ""60 mm"", ""white_balance"": ""Manual"", ""metering_mode"": ""Multi-segment"", ""flash"": ""Off, Did not fire"", ""pageid"": ""7673""}"
2416930078|70202166@N00|7673|Fujifilm FinePix S5Pro|Fujifilm|70202166@N00_Fujifilm_2e10b77e.json|"{""id"": ""2416930078"", ""owner"": ""70202166@N00"", ""title"": ""DSCF3734"", ""realname"": """", ""ownername"": ""黑麵之路‧不由分說"", ""datetaken"": ""2008-04-13 11:16:22"", ""max_width"": 492, ""max_height"": 736, ""url_max"": ""https://live.staticflickr.com/2260/2416930078_ab75070207_c.jpg"", ""max_width_2000"": 492, ""max_height_2000"": 736, ""url_max_2000"": ""https://live.staticflickr.com/2260/2416930078_ab75070207_c.jpg"", ""flickr_page"": ""https://www.flickr.com/photos/70202166@N00/2416930078"", ""camera"": ""Fujifilm FinePix S5Pro"", ""create_date"": ""2008:04:13 11:16:22"", ""lens_model"": """", ""iso"": ""400"", ""exposure_time"": ""1/80"", ""exposure_program"": ""Manual"", ""exposure_compensation"": ""0"", ""aperture"": ""3.2"", ""focal_length"": ""70.0 mm"", ""focal_length_in35mm"": ""105 mm"", ""white_balance"": ""Manual"", ""metering_mode"": ""Multi-segment"", ""flash"": ""Off, Did not fire"", ""pageid"": ""7673""}"
2416929110|70202166@N00|7673|Fujifilm FinePix S5Pro|Fujifilm|70202166@N00_Fujifilm_2e10b77e.json|"{""id"": ""2416929110"", ""owner"": ""70202166@N00"", ""title"": ""DSCF3728"", ""realname"": """", ""ownername"": ""黑麵之路‧不由分說"", ""datetaken"": ""2008-04-13 11:15:41"", ""max_width"": 492, ""max_height"": 736, ""url_max"": ""https://live.staticflickr.com/2364/2416929110_453e1b2e6c_c.jpg"", ""max_width_2000"": 492, ""max_height_2000"": 736, ""url_max_2000"": ""https://live.staticflickr.com/2364/2416929110_453e1b2e6c_c.jpg"", ""flickr_page"": ""https://www.flickr.com/photos/70202166@N00/2416929110"", ""camera"": ""Fujifilm FinePix S5Pro"", ""create_date"": ""2008:04:13 11:15:41"", ""lens_model"": """", ""iso"": ""400"", ""exposure_time"": ""1/100"", ""exposure_program"": ""Manual"", ""exposure_compensation"": ""0"", ""aperture"": ""3.2"", ""focal_length"": ""40.0 mm"", ""focal_length_in35mm"": ""60 mm"", ""white_balance"": ""Manual"", ""metering_mode"": ""Multi-segment"", ""flash"": ""Off, Did not fire"", ""pageid"": ""7673""}"
2416931054|70202166@N00|7673|Fujifilm FinePix S5Pro|Fujifilm|70202166@N00_Fujifilm_2e10b77e.json|"{""id"": ""2416931054"", ""owner"": ""70202166@N00"", ""title"": ""DSCF3741"", ""realname"": """", ""ownername"": ""黑麵之路‧不由分說"", ""datetaken"": ""2008-04-13 11:21:01"", ""max_width"": 492, ""max_height"": 736, ""url_max"": ""https://live.staticflickr.com/2323/2416931054_68f08e8b02_c.jpg"", ""max_width_2000"": 492, ""max_height_2000"": 736, ""url_max_2000"": ""https://live.staticflickr.com/2323/2416931054_68f08e8b02_c.jpg"", ""flickr_page"": ""https://www.flickr.com/photos/70202166@N00/2416931054"", ""camera"": ""Fujifilm FinePix S5Pro"", ""create_date"": ""2008:04:13 11:21:01"", ""lens_model"": """", ""iso"": ""400"", ""exposure_time"": ""1/100"", ""exposure_program"": ""Manual"", ""exposure_compensation"": ""0"", ""aperture"": ""3.2"", ""focal_length"": ""28.0 mm"", ""focal_length_in35mm"": ""42 mm"", ""white_balance"": ""Manual"", ""metering_mode"": ""Multi-segment"", ""flash"": ""Off, Did not fire"", ""pageid"": ""7673""}"
2416928776|70202166@N00|7673|Fujifilm FinePix S5Pro|Fujifilm|70202166@N00_Fujifilm_2e10b77e.json|"{""id"": ""2416928776"", ""owner"": ""70202166@N00"", ""title"": ""DSCF3726"", ""realname"": """", ""ownername"": ""黑麵之路‧不由分說"", ""datetaken"": ""2008-04-13 11:15:34"", ""max_width"": 492, ""max_height"": 736, ""url_max"": ""https://live.staticflickr.com/2085/2416928776_c881c3a394_c.jpg"", ""max_width_2000"": 492, ""max_height_2000"": 736, ""url_max_2000"": ""https://live.staticflickr.com/2085/2416928776_c881c3a394_c.jpg"", ""flickr_page"": ""https://www.flickr.com/photos/70202166@N00/2416928776"", ""camera"": ""Fujifilm FinePix S5Pro"", ""create_date"": ""2008:04:13 11:15:34"", ""lens_model"": """", ""iso"": ""400"", ""exposure_time"": ""1/100"", ""exposure_program"": ""Manual"", ""exposure_compensation"": ""0"", ""aperture"": ""3.2"", ""focal_length"": ""24.0 mm"", ""focal_length_in35mm"": ""36 mm"", ""white_balance"": ""Manual"", ""metering_mode"": ""Multi-segment"", ""flash"": ""Off, Did not fire"", ""pageid"": ""7673""}"
2416930546|70202166@N00|7673|Fujifilm FinePix S5Pro|Fujifilm|70202166@N00_Fujifilm_2e10b77e.json|"{""id"": ""2416930546"", ""owner"": ""70202166@N00"", ""title"": ""DSCF3737"", ""realname"": """", ""ownername"": ""黑麵之路‧不由分說"", ""datetaken"": ""2008-04-13 11:20:54"", ""max_width"": 492, ""max_height"": 736, ""url_max"": ""https://live.staticflickr.com/3138/2416930546_bbaa2b27d6_c.jpg"", ""max_width_2000"": 492, ""max_height_2000"": 736, ""url_max_2000"": ""https://live.staticflickr.com/3138/2416930546_bbaa2b27d6_c.jpg"", ""flickr_page"": ""https://www.flickr.com/photos/70202166@N00/2416930546"", ""camera"": ""Fujifilm FinePix S5Pro"", ""create_date"": ""2008:04:13 11:20:54"", ""lens_model"": """", ""iso"": ""400"", ""exposure_time"": ""1/100"", ""exposure_program"": ""Manual"", ""exposure_compensation"": ""0"", ""aperture"": ""3.2"", ""focal_length"": ""26.0 mm"", ""focal_length_in35mm"": ""39 mm"", ""white_balance"": ""Manual"", ""metering_mode"": ""Multi-segment"", ""flash"": ""Off, Did not fire"", ""pageid"": ""7673""}"
2416930844|70202166@N00|7673|Fujifilm FinePix S5Pro|Fujifilm|70202166@N00_Fujifilm_2e10b77e.json|"{""id"": ""2416930844"", ""owner"": ""70202166@N00"", ""title"": ""DSCF3739"", ""realname"": """", ""ownername"": ""黑麵之路‧不由分說"", ""datetaken"": ""2008-04-13 11:20:58"", ""max_width"": 492, ""max_height"": 736, ""url_max"": ""https://live.staticflickr.com/2215/2416930844_9ae417b5ba_c.jpg"", ""max_width_2000"": 492, ""max_height_2000"": 736, ""url_max_2000"": ""https://live.staticflickr.com/2215/2416930844_9ae417b5ba_c.jpg"", ""flickr_page"": ""https://www.flickr.com/photos/70202166@N00/2416930844"", ""camera"": ""Fujifilm FinePix S5Pro"", ""create_date"": ""2008:04:13 11:20:58"", ""lens_model"": """", ""iso"": ""400"", ""exposure_time"": ""1/100"", ""exposure_program"": ""Manual"", ""exposure_compensation"": ""0"", ""aperture"": ""3.2"", ""focal_length"": ""32.0 mm"", ""focal_length_in35mm"": ""48 mm"", ""white_balance"": ""Manual"", ""metering_mode"": ""Multi-segment"", ""flash"": ""Off, Did not fire"", ""pageid"": ""7673""}"
2416930698|70202166@N00|7673|Fujifilm FinePix S5Pro|Fujifilm|70202166@N00_Fujifilm_2e10b77e.json|"{""id"": ""2416930698"", ""owner"": ""70202166@N00"", ""title"": ""DSCF3738"", ""realname"": """", ""ownername"": ""黑麵之路‧不由分說"", ""datetaken"": ""2008-04-13 11:20:55"", ""max_width"": 492, ""max_height"": 736, ""url_max"": ""https://live.staticflickr.com/2054/2416930698_76efbed439_c.jpg"", ""max_width_2000"": 492, ""max_height_2000"": 736, ""url_max_2000"": ""https://live.staticflickr.com/2054/2416930698_76efbed439_c.jpg"", ""flickr_page"": ""https://www.flickr.com/photos/70202166@N00/2416930698"", ""camera"": ""Fujifilm FinePix S5Pro"", ""create_date"": ""2008:04:13 11:20:55"", ""lens_model"": """", ""iso"": ""400"", ""exposure_time"": ""1/100"", ""exposure_program"": ""Manual"", ""exposure_compensation"": ""0"", ""aperture"": ""3.2"", ""focal_length"": ""24.0 mm"", ""focal_length_in35mm"": ""36 mm"", ""white_balance"": ""Manual"", ""metering_mode"": ""Multi-segment"", ""flash"": ""Off, Did not fire"", ""pageid"": ""7673""}"
2416930956|70202166@N00|7673|Fujifilm FinePix S5Pro|Fujifilm|70202166@N00_Fujifilm_2e10b77e.json|"{""id"": ""2416930956"", ""owner"": ""70202166@N00"", ""title"": ""DSCF3740"", ""realname"": """", ""ownername"": ""黑麵之路‧不由分說"", ""datetaken"": ""2008-04-13 11:21:00"", ""max_width"": 492, ""max_height"": 736, ""url_max"": ""https://live.staticflickr.com/3264/2416930956_6d7a56ac73_c.jpg"", ""max_width_2000"": 492, ""max_height_2000"": 736, ""url_max_2000"": ""https://live.staticflickr.com/3264/2416930956_6d7a56ac73_c.jpg"", ""flickr_page"": ""https://www.flickr.com/photos/70202166@N00/2416930956"", ""camera"": ""Fujifilm FinePix S5Pro"", ""create_date"": ""2008:04:13 11:21:00"", ""lens_model"": """", ""iso"": ""400"", ""exposure_time"": ""1/100"", ""exposure_program"": ""Manual"", ""exposure_compensation"": ""0"", ""aperture"": ""3.2"", ""focal_length"": ""32.0 mm"", ""focal_length_in35mm"": ""48 mm"", ""white_balance"": ""Manual"", ""metering_mode"": ""Multi-segment"", ""flash"": ""Off, Did not fire"", ""pageid"": ""7673""}"
2416931162|70202166@N00|7673|Fujifilm FinePix S5Pro|Fujifilm|70202166@N00_Fujifilm_2e10b77e.json|"{""id"": ""2416931162"", ""owner"": ""70202166@N00"", ""title"": ""DSCF3742"", ""realname"": """", ""ownername"": ""黑麵之路‧不由分說"", ""datetaken"": ""2008-04-13 11:21:03"", ""max_width"": 492, ""max_height"": 736, ""url_max"": ""https://live.staticflickr.com/3092/2416931162_4eac8d211b_c.jpg"", ""max_width_2000"": 492, ""max_height_2000"": 736, ""url_max_2000"": ""https://live.staticflickr.com/3092/2416931162_4eac8d211b_c.jpg"", ""flickr_page"": ""https://www.flickr.com/photos/70202166@N00/2416931162"", ""camera"": ""Fujifilm FinePix S5Pro"", ""create_date"": ""2008:04:13 11:21:03"", ""lens_model"": """", ""iso"": ""400"", ""exposure_time"": ""1/100"", ""exposure_program"": ""Manual"", ""exposure_compensation"": ""0"", ""aperture"": ""3.2"", ""focal_length"": ""36.0 mm"", ""focal_length_in35mm"": ""54 mm"", ""white_balance"": ""Manual"", ""metering_mode"": ""Multi-segment"", ""flash"": ""Off, Did not fire"", ""pageid"": ""7673""}"
2416932000|70202166@N00|7673|Fujifilm FinePix S5Pro|Fujifilm|70202166@N00_Fujifilm_2e10b77e.json|"{""id"": ""2416932000"", ""owner"": ""70202166@N00"", ""title"": ""DSCF3748"", ""realname"": """", ""ownername"": ""黑麵之路‧不由分說"", ""datetaken"": ""2008-04-13 11:21:18"", ""max_width"": 492, ""max_height"": 736, ""url_max"": ""https://live.staticflickr.com/2149/2416932000_bd3b15a0fe_c.jpg"", ""max_width_2000"": 492, ""max_height_2000"": 736, ""url_max_2000"": ""https://live.staticflickr.com/2149/2416932000_bd3b15a0fe_c.jpg"", ""flickr_page"": ""https://www.flickr.com/photos/70202166@N00/2416932000"", ""camera"": ""Fujifilm FinePix S5Pro"", ""create_date"": ""2008:04:13 11:21:18"", ""lens_model"": """", ""iso"": ""400"", ""exposure_time"": ""1/100"", ""exposure_program"": ""Manual"", ""exposure_compensation"": ""0"", ""aperture"": ""3.2"", ""focal_length"": ""70.0 mm"", ""focal_length_in35mm"": ""105 mm"", ""white_balance"": ""Manual"", ""metering_mode"": ""Multi-segment"", ""flash"": ""Off, Did not fire"", ""pageid"": ""7673""}"
2416931872|70202166@N00|7673|Fujifilm FinePix S5Pro|Fujifilm|70202166@N00_Fujifilm_2e10b77e.json|"{""id"": ""2416931872"", ""owner"": ""70202166@N00"", ""title"": ""DSCF3747"", ""realname"": """", ""ownername"": ""黑麵之路‧不由分說"", ""datetaken"": ""2008-04-13 11:21:15"", ""max_width"": 492, ""max_height"": 736, ""url_max"": ""https://live.staticflickr.com/3060/2416931872_dbd942f5cd_c.jpg"", ""max_width_2000"": 492, ""max_height_2000"": 736, ""url_max_2000"": ""https://live.staticflickr.com/3060/2416931872_dbd942f5cd_c.jpg"", ""flickr_page"": ""https://www.flickr.com/photos/70202166@N00/2416931872"", ""camera"": ""Fujifilm FinePix S5Pro"", ""create_date"": ""2008:04:13 11:21:15"", ""lens_model"": """", ""iso"": ""400"", ""exposure_time"": ""1/100"", ""exposure_program"": ""Manual"", ""exposure_compensation"": ""0"", ""aperture"": ""3.2"", ""focal_length"": ""58.0 mm"", ""focal_length_in35mm"": ""87 mm"", ""white_balance"": ""Manual"", ""metering_mode"": ""Multi-segment"", ""flash"": ""Off, Did not fire"", ""pageid"": ""7673""}"
2416931432|70202166@N00|7673|Fujifilm FinePix S5Pro|Fujifilm|70202166@N00_Fujifilm_2e10b77e.json|"{""id"": ""2416931432"", ""owner"": ""70202166@N00"", ""title"": ""DSCF3744"", ""realname"": """", ""ownername"": ""黑麵之路‧不由分說"", ""datetaken"": ""2008-04-13 11:21:07"", ""max_width"": 492, ""max_height"": 736, ""url_max"": ""https://live.staticflickr.com/2003/2416931432_79587d1b6b_c.jpg"", ""max_width_2000"": 492, ""max_height_2000"": 736, ""url_max_2000"": ""https://live.staticflickr.com/2003/2416931432_79587d1b6b_c.jpg"", ""flickr_page"": ""https://www.flickr.com/photos/70202166@N00/2416931432"", ""camera"": ""Fujifilm FinePix S5Pro"", ""create_date"": ""2008:04:13 11:21:07"", ""lens_model"": """", ""iso"": ""400"", ""exposure_time"": ""1/100"", ""exposure_program"": ""Manual"", ""exposure_compensation"": ""0"", ""aperture"": ""3.2"", ""focal_length"": ""32.0 mm"", ""focal_length_in35mm"": ""48 mm"", ""white_balance"": ""Manual"", ""metering_mode"": ""Multi-segment"", ""flash"": ""Off, Did not fire"", ""pageid"": ""7673""}"
2416932152|70202166@N00|7673|Fujifilm FinePix S5Pro|Fujifilm|70202166@N00_Fujifilm_2e10b77e.json|"{""id"": ""2416932152"", ""owner"": ""70202166@N00"", ""title"": ""DSCF3749"", ""realname"": """", ""ownername"": ""黑麵之路‧不由分說"", ""datetaken"": ""2008-04-13 11:21:20"", ""max_width"": 492, ""max_height"": 736, ""url_max"": ""https://live.staticflickr.com/3024/2416932152_96dc575e6a_c.jpg"", ""max_width_2000"": 492, ""max_height_2000"": 736, ""url_max_2000"": ""https://live.staticflickr.com/3024/2416932152_96dc575e6a_c.jpg"", ""flickr_page"": ""https://www.flickr.com/photos/70202166@N00/2416932152"", ""camera"": ""Fujifilm FinePix S5Pro"", ""create_date"": ""2008:04:13 11:21:20"", ""lens_model"": """", ""iso"": ""400"", ""exposure_time"": ""1/100"", ""exposure_program"": ""Manual"", ""exposure_compensation"": ""0"", ""aperture"": ""3.2"", ""focal_length"": ""56.0 mm"", ""focal_length_in35mm"": ""84 mm"", ""white_balance"": ""Manual"", ""metering_mode"": ""Multi-segment"", ""flash"": ""Off, Did not fire"", ""pageid"": ""7673""}"
2416105475|70202166@N00|7674|Fujifilm FinePix S5Pro|Fujifilm|70202166@N00_Fujifilm_2e10b77e.json|"{""id"": ""2416105475"", ""owner"": ""70202166@N00"", ""title"": ""DSCF3700"", ""realname"": """", ""ownername"": ""黑麵之路‧不由分說"", ""datetaken"": ""2008-04-13 11:12:54"", ""max_width"": 492, ""max_height"": 736, ""url_max"": ""https://live.staticflickr.com/2209/2416105475_4328d21cc9_c.jpg"", ""max_width_2000"": 492, ""max_height_2000"": 736, ""url_max_2000"": ""https://live.staticflickr.com/2209/2416105475_4328d21cc9_c.jpg"", ""flickr_page"": ""https://www.flickr.com/photos/70202166@N00/2416105475"", ""camera"": ""Fujifilm FinePix S5Pro"", ""create_date"": ""2008:04:13 11:12:54"", ""lens_model"": """", ""iso"": ""400"", ""exposure_time"": ""1/100"", ""exposure_program"": ""Manual"", ""exposure_compensation"": ""0"", ""aperture"": ""3.2"", ""focal_length"": ""28.0 mm"", ""focal_length_in35mm"": ""42 mm"", ""white_balance"": ""Manual"", ""metering_mode"": ""Multi-segment"", ""flash"": ""Off, Did not fire"", ""pageid"": ""7674""}"
2416107003|70202166@N00|7674|Fujifilm FinePix S5Pro|Fujifilm|70202166@N00_Fujifilm_2e10b77e.json|"{""id"": ""2416107003"", ""owner"": ""70202166@N00"", ""title"": ""DSCF3712"", ""realname"": """", ""ownername"": ""黑麵之路‧不由分說"", ""datetaken"": ""2008-04-13 11:13:31"", ""max_width"": 492, ""max_height"": 736, ""url_max"": ""https://live.staticflickr.com/3091/2416107003_10149d0e5f_c.jpg"", ""max_width_2000"": 492, ""max_height_2000"": 736, ""url_max_2000"": ""https://live.staticflickr.com/3091/2416107003_10149d0e5f_c.jpg"", ""flickr_page"": ""https://www.flickr.com/photos/70202166@N00/2416107003"", ""camera"": ""Fujifilm FinePix S5Pro"", ""create_date"": ""2008:04:13 11:13:31"", ""lens_model"": """", ""iso"": ""400"", ""exposure_time"": ""1/100"", ""exposure_program"": ""Manual"", ""exposure_compensation"": ""0"", ""aperture"": ""3.2"", ""focal_length"": ""34.0 mm"", ""focal_length_in35mm"": ""51 mm"", ""white_balance"": ""Manual"", ""metering_mode"": ""Multi-segment"", ""flash"": ""Off, Did not fire"", ""pageid"": ""7674""}"
2416106641|70202166@N00|7674|Fujifilm FinePix S5Pro|Fujifilm|70202166@N00_Fujifilm_2e10b77e.json|"{""id"": ""2416106641"", ""owner"": ""70202166@N00"", ""title"": ""DSCF3709"", ""realname"": """", ""ownername"": ""黑麵之路‧不由分說"", ""datetaken"": ""2008-04-13 11:13:15"", ""max_width"": 736, ""max_height"": 492, ""url_max"": ""https://live.staticflickr.com/3069/2416106641_b995d6ae16_c.jpg"", ""max_width_2000"": 736, ""max_height_2000"": 492, ""url_max_2000"": ""https://live.staticflickr.com/3069/2416106641_b995d6ae16_c.jpg"", ""flickr_page"": ""https://www.flickr.com/photos/70202166@N00/2416106641"", ""camera"": ""Fujifilm FinePix S5Pro"", ""create_date"": ""2008:04:13 11:13:15"", ""lens_model"": """", ""iso"": ""400"", ""exposure_time"": ""1/100"", ""exposure_program"": ""Manual"", ""exposure_compensation"": ""0"", ""aperture"": ""3.2"", ""focal_length"": ""38.0 mm"", ""focal_length_in35mm"": ""57 mm"", ""white_balance"": ""Manual"", ""metering_mode"": ""Multi-segment"", ""flash"": ""Off, Did not fire"", ""pageid"": ""7674""}"
2416106129|70202166@N00|7674|Fujifilm FinePix S5Pro|Fujifilm|70202166@N00_Fujifilm_2e10b77e.json|"{""id"": ""2416106129"", ""owner"": ""70202166@N00"", ""title"": ""DSCF3705"", ""realname"": """", ""ownername"": ""黑麵之路‧不由分說"", ""datetaken"": ""2008-04-13 11:13:03"", ""max_width"": 492, ""max_height"": 736, ""url_max"": ""https://live.staticflickr.com/2205/2416106129_a6b9e73e81_c.jpg"", ""max_width_2000"": 492, ""max_height_2000"": 736, ""url_max_2000"": ""https://live.staticflickr.com/2205/2416106129_a6b9e73e81_c.jpg"", ""flickr_page"": ""https://www.flickr.com/photos/70202166@N00/2416106129"", ""camera"": ""Fujifilm FinePix S5Pro"", ""create_date"": ""2008:04:13 11:13:03"", ""lens_model"": """", ""iso"": ""400"", ""exposure_time"": ""1/100"", ""exposure_program"": ""Manual"", ""exposure_compensation"": ""0"", ""aperture"": ""3.2"", ""focal_length"": ""29.0 mm"", ""focal_length_in35mm"": ""44 mm"", ""white_balance"": ""Manual"", ""metering_mode"": ""Multi-segment"", ""flash"": ""Off, Did not fire"", ""pageid"": ""7674""}"
2416105873|70202166@N00|7674|Fujifilm FinePix S5Pro|Fujifilm|70202166@N00_Fujifilm_2e10b77e.json|"{""id"": ""2416105873"", ""owner"": ""70202166@N00"", ""title"": ""DSCF3703"", ""realname"": """", ""ownername"": ""黑麵之路‧不由分說"", ""datetaken"": ""2008-04-13 11:12:59"", ""max_width"": 492, ""max_height"": 736, ""url_max"": ""https://live.staticflickr.com/3198/2416105873_c3abab8d9e_c.jpg"", ""max_width_2000"": 492, ""max_height_2000"": 736, ""url_max_2000"": ""https://live.staticflickr.com/3198/2416105873_c3abab8d9e_c.jpg"", ""flickr_page"": ""https://www.flickr.com/photos/70202166@N00/2416105873"", ""camera"": ""Fujifilm FinePix S5Pro"", ""create_date"": ""2008:04:13 11:12:59"", ""lens_model"": """", ""iso"": ""400"", ""exposure_time"": ""1/100"", ""exposure_program"": ""Manual"", ""exposure_compensation"": ""0"", ""aperture"": ""3.2"", ""focal_length"": ""24.0 mm"", ""focal_length_in35mm"": ""36 mm"", ""white_balance"": ""Manual"", ""metering_mode"": ""Multi-segment"", ""flash"": ""Off, Did not fire"", ""pageid"": ""7674""}"
2416107497|70202166@N00|7674|Fujifilm FinePix S5Pro|Fujifilm|70202166@N00_Fujifilm_2e10b77e.json|"{""id"": ""2416107497"", ""owner"": ""70202166@N00"", ""title"": ""DSCF3715"", ""realname"": """", ""ownername"": ""黑麵之路‧不由分說"", ""datetaken"": ""2008-04-13 11:13:47"", ""max_width"": 492, ""max_height"": 736, ""url_max"": ""https://live.staticflickr.com/2188/2416107497_2acd4bdf38_c.jpg"", ""max_width_2000"": 492, ""max_height_2000"": 736, ""url_max_2000"": ""https://live.staticflickr.com/2188/2416107497_2acd4bdf38_c.jpg"", ""flickr_page"": ""https://www.flickr.com/photos/70202166@N00/2416107497"", ""camera"": ""Fujifilm FinePix S5Pro"", ""create_date"": ""2008:04:13 11:13:47"", ""lens_model"": """", ""iso"": ""400"", ""exposure_time"": ""1/100"", ""exposure_program"": ""Manual"", ""exposure_compensation"": ""0"", ""aperture"": ""3.2"", ""focal_length"": ""44.0 mm"", ""focal_length_in35mm"": ""66 mm"", ""white_balance"": ""Manual"", ""metering_mode"": ""Multi-segment"", ""flash"": ""Off, Did not fire"", ""pageid"": ""7674""}"
2416105603|70202166@N00|7674|Fujifilm FinePix S5Pro|Fujifilm|70202166@N00_Fujifilm_2e10b77e.json|"{""id"": ""2416105603"", ""owner"": ""70202166@N00"", ""title"": ""DSCF3701"", ""realname"": """", ""ownername"": ""黑麵之路‧不由分說"", ""datetaken"": ""2008-04-13 11:12:55"", ""max_width"": 492, ""max_height"": 736, ""url_max"": ""https://live.staticflickr.com/2103/2416105603_de96bef14c_c.jpg"", ""max_width_2000"": 492, ""max_height_2000"": 736, ""url_max_2000"": ""https://live.staticflickr.com/2103/2416105603_de96bef14c_c.jpg"", ""flickr_page"": ""https://www.flickr.com/photos/70202166@N00/2416105603"", ""camera"": ""Fujifilm FinePix S5Pro"", ""create_date"": ""2008:04:13 11:12:55"", ""lens_model"": """", ""iso"": ""400"", ""exposure_time"": ""1/100"", ""exposure_program"": ""Manual"", ""exposure_compensation"": ""0"", ""aperture"": ""3.2"", ""focal_length"": ""29.0 mm"", ""focal_length_in35mm"": ""44 mm"", ""white_balance"": ""Manual"", ""metering_mode"": ""Multi-segment"", ""flash"": ""Off, Did not fire"", ""pageid"": ""7674""}"
2416107659|70202166@N00|7674|Fujifilm FinePix S5Pro|Fujifilm|70202166@N00_Fujifilm_2e10b77e.json|"{""id"": ""2416107659"", ""owner"": ""70202166@N00"", ""title"": ""DSCF3716"", ""realname"": """", ""ownername"": ""黑麵之路‧不由分說"", ""datetaken"": ""2008-04-13 11:13:54"", ""max_width"": 492, ""max_height"": 736, ""url_max"": ""https://live.staticflickr.com/3180/2416107659_6c17c8e00b_c.jpg"", ""max_width_2000"": 492, ""max_height_2000"": 736, ""url_max_2000"": ""https://live.staticflickr.com/3180/2416107659_6c17c8e00b_c.jpg"", ""flickr_page"": ""https://www.flickr.com/photos/70202166@N00/2416107659"", ""camera"": ""Fujifilm FinePix S5Pro"", ""create_date"": ""2008:04:13 11:13:54"", ""lens_model"": """", ""iso"": ""400"", ""exposure_time"": ""1/100"", ""exposure_program"": ""Manual"", ""exposure_compensation"": ""0"", ""aperture"": ""3.2"", ""focal_length"": ""48.0 mm"", ""focal_length_in35mm"": ""72 mm"", ""white_balance"": ""Manual"", ""metering_mode"": ""Multi-segment"", ""flash"": ""Off, Did not fire"", ""pageid"": ""7674""}"
2416107801|70202166@N00|7674|Fujifilm FinePix S5Pro|Fujifilm|70202166@N00_Fujifilm_2e10b77e.json|"{""id"": ""2416107801"", ""owner"": ""70202166@N00"", ""title"": ""DSCF3717"", ""realname"": """", ""ownername"": ""黑麵之路‧不由分說"", ""datetaken"": ""2008-04-13 11:15:10"", ""max_width"": 492, ""max_height"": 736, ""url_max"": ""https://live.staticflickr.com/3243/2416107801_fcf52610cc_c.jpg"", ""max_width_2000"": 492, ""max_height_2000"": 736, ""url_max_2000"": ""https://live.staticflickr.com/3243/2416107801_fcf52610cc_c.jpg"", ""flickr_page"": ""https://www.flickr.com/photos/70202166@N00/2416107801"", ""camera"": ""Fujifilm FinePix S5Pro"", ""create_date"": ""2008:04:13 11:15:10"", ""lens_model"": """", ""iso"": ""400"", ""exposure_time"": ""1/100"", ""exposure_program"": ""Manual"", ""exposure_compensation"": ""0"", ""aperture"": ""3.2"", ""focal_length"": ""26.0 mm"", ""focal_length_in35mm"": ""39 mm"", ""white_balance"": ""Manual"", ""metering_mode"": ""Multi-segment"", ""flash"": ""Off, Did not fire"", ""pageid"": ""7674""}"
2416106253|70202166@N00|7674|Fujifilm FinePix S5Pro|Fujifilm|70202166@N00_Fujifilm_2e10b77e.json|"{""id"": ""2416106253"", ""owner"": ""70202166@N00"", ""title"": ""DSCF3706"", ""realname"": """", ""ownername"": ""黑麵之路‧不由分說"", ""datetaken"": ""2008-04-13 11:13:06"", ""max_width"": 492, ""max_height"": 736, ""url_max"": ""https://live.staticflickr.com/2006/2416106253_c0b16ac643_c.jpg"", ""max_width_2000"": 492, ""max_height_2000"": 736, ""url_max_2000"": ""https://live.staticflickr.com/2006/2416106253_c0b16ac643_c.jpg"", ""flickr_page"": ""https://www.flickr.com/photos/70202166@N00/2416106253"", ""camera"": ""Fujifilm FinePix S5Pro"", ""create_date"": ""2008:04:13 11:13:06"", ""lens_model"": """", ""iso"": ""400"", ""exposure_time"": ""1/100"", ""exposure_program"": ""Manual"", ""exposure_compensation"": ""0"", ""aperture"": ""3.2"", ""focal_length"": ""31.0 mm"", ""focal_length_in35mm"": ""47 mm"", ""white_balance"": ""Manual"", ""metering_mode"": ""Multi-segment"", ""flash"": ""Off, Did not fire"", ""pageid"": ""7674""}"
2416108069|70202166@N00|7674|Fujifilm FinePix S5Pro|Fujifilm|70202166@N00_Fujifilm_2e10b77e.json|"{""id"": ""2416108069"", ""owner"": ""70202166@N00"", ""title"": ""DSCF3719"", ""realname"": """", ""ownername"": ""黑麵之路‧不由分說"", ""datetaken"": ""2008-04-13 11:15:16"", ""max_width"": 492, ""max_height"": 736, ""url_max"": ""https://live.staticflickr.com/2072/2416108069_f7651c81bc_c.jpg"", ""max_width_2000"": 492, ""max_height_2000"": 736, ""url_max_2000"": ""https://live.staticflickr.com/2072/2416108069_f7651c81bc_c.jpg"", ""flickr_page"": ""https://www.flickr.com/photos/70202166@N00/2416108069"", ""camera"": ""Fujifilm FinePix S5Pro"", ""create_date"": ""2008:04:13 11:15:16"", ""lens_model"": """", ""iso"": ""400"", ""exposure_time"": ""1/100"", ""exposure_program"": ""Manual"", ""exposure_compensation"": ""0"", ""aperture"": ""3.2"", ""focal_length"": ""26.0 mm"", ""focal_length_in35mm"": ""39 mm"", ""white_balance"": ""Manual"", ""metering_mode"": ""Multi-segment"", ""flash"": ""Off, Did not fire"", ""pageid"": ""7674""}"
2416107939|70202166@N00|7674|Fujifilm FinePix S5Pro|Fujifilm|70202166@N00_Fujifilm_2e10b77e.json|"{""id"": ""2416107939"", ""owner"": ""70202166@N00"", ""title"": ""DSCF3718"", ""realname"": """", ""ownername"": ""黑麵之路‧不由分說"", ""datetaken"": ""2008-04-13 11:15:15"", ""max_width"": 492, ""max_height"": 736, ""url_max"": ""https://live.staticflickr.com/2132/2416107939_756b11021b_c.jpg"", ""max_width_2000"": 492, ""max_height_2000"": 736, ""url_max_2000"": ""https://live.staticflickr.com/2132/2416107939_756b11021b_c.jpg"", ""flickr_page"": ""https://www.flickr.com/photos/70202166@N00/2416107939"", ""camera"": ""Fujifilm FinePix S5Pro"", ""create_date"": ""2008:04:13 11:15:15"", ""lens_model"": """", ""iso"": ""400"", ""exposure_time"": ""1/100"", ""exposure_program"": ""Manual"", ""exposure_compensation"": ""0"", ""aperture"": ""3.2"", ""focal_length"": ""28.0 mm"", ""focal_length_in35mm"": ""42 mm"", ""white_balance"": ""Manual"", ""metering_mode"": ""Multi-segment"", ""flash"": ""Off, Did not fire"", ""pageid"": ""7674""}"
2416108483|70202166@N00|7674|Fujifilm FinePix S5Pro|Fujifilm|70202166@N00_Fujifilm_2e10b77e.json|"{""id"": ""2416108483"", ""owner"": ""70202166@N00"", ""title"": ""DSCF3722"", ""realname"": """", ""ownername"": ""黑麵之路‧不由分說"", ""datetaken"": ""2008-04-13 11:15:24"", ""max_width"": 492, ""max_height"": 736, ""url_max"": ""https://live.staticflickr.com/3222/2416108483_1f74e15f97_c.jpg"", ""max_width_2000"": 492, ""max_height_2000"": 736, ""url_max_2000"": ""https://live.staticflickr.com/3222/2416108483_1f74e15f97_c.jpg"", ""flickr_page"": ""https://www.flickr.com/photos/70202166@N00/2416108483"", ""camera"": ""Fujifilm FinePix S5Pro"", ""create_date"": ""2008:04:13 11:15:24"", ""lens_model"": """", ""iso"": ""400"", ""exposure_time"": ""1/100"", ""exposure_program"": ""Manual"", ""exposure_compensation"": ""0"", ""aperture"": ""3.2"", ""focal_length"": ""32.0 mm"", ""focal_length_in35mm"": ""48 mm"", ""white_balance"": ""Manual"", ""metering_mode"": ""Multi-segment"", ""flash"": ""Off, Did not fire"", ""pageid"": ""7674""}"
2416108187|70202166@N00|7674|Fujifilm FinePix S5Pro|Fujifilm|70202166@N00_Fujifilm_2e10b77e.json|"{""id"": ""2416108187"", ""owner"": ""70202166@N00"", ""title"": ""DSCF3720"", ""realname"": """", ""ownername"": ""黑麵之路‧不由分說"", ""datetaken"": ""2008-04-13 11:15:18"", ""max_width"": 492, ""max_height"": 736, ""url_max"": ""https://live.staticflickr.com/2196/2416108187_c251c31365_c.jpg"", ""max_width_2000"": 492, ""max_height_2000"": 736, ""url_max_2000"": ""https://live.staticflickr.com/2196/2416108187_c251c31365_c.jpg"", ""flickr_page"": ""https://www.flickr.com/photos/70202166@N00/2416108187"", ""camera"": ""Fujifilm FinePix S5Pro"", ""create_date"": ""2008:04:13 11:15:18"", ""lens_model"": """", ""iso"": ""400"", ""exposure_time"": ""1/100"", ""exposure_program"": ""Manual"", ""exposure_compensation"": ""0"", ""aperture"": ""3.2"", ""focal_length"": ""27.0 mm"", ""focal_length_in35mm"": ""41 mm"", ""white_balance"": ""Manual"", ""metering_mode"": ""Multi-segment"", ""flash"": ""Off, Did not fire"", ""pageid"": ""7674""}"
2416926070|70202166@N00|7674|Fujifilm FinePix S5Pro|Fujifilm|70202166@N00_Fujifilm_2e10b77e.json|"{""id"": ""2416926070"", ""owner"": ""70202166@N00"", ""title"": ""DSCF3707"", ""realname"": """", ""ownername"": ""黑麵之路‧不由分說"", ""datetaken"": ""2008-04-13 11:13:08"", ""max_width"": 492, ""max_height"": 736, ""url_max"": ""https://live.staticflickr.com/2219/2416926070_eaf8d88eda_c.jpg"", ""max_width_2000"": 492, ""max_height_2000"": 736, ""url_max_2000"": ""https://live.staticflickr.com/2219/2416926070_eaf8d88eda_c.jpg"", ""flickr_page"": ""https://www.flickr.com/photos/70202166@N00/2416926070"", ""camera"": ""Fujifilm FinePix S5Pro"", ""create_date"": ""2008:04:13 11:13:08"", ""lens_model"": """", ""iso"": ""400"", ""exposure_time"": ""1/100"", ""exposure_program"": ""Manual"", ""exposure_compensation"": ""0"", ""aperture"": ""3.2"", ""focal_length"": ""28.0 mm"", ""focal_length_in35mm"": ""42 mm"", ""white_balance"": ""Manual"", ""metering_mode"": ""Multi-segment"", ""flash"": ""Off, Did not fire"", ""pageid"": ""7674""}"
2416108619|70202166@N00|7674|Fujifilm FinePix S5Pro|Fujifilm|70202166@N00_Fujifilm_2e10b77e.json|"{""id"": ""2416108619"", ""owner"": ""70202166@N00"", ""title"": ""DSCF3723"", ""realname"": """", ""ownername"": ""黑麵之路‧不由分說"", ""datetaken"": ""2008-04-13 11:15:27"", ""max_width"": 492, ""max_height"": 736, ""url_max"": ""https://live.staticflickr.com/3092/2416108619_a4191531c1_c.jpg"", ""max_width_2000"": 492, ""max_height_2000"": 736, ""url_max_2000"": ""https://live.staticflickr.com/3092/2416108619_a4191531c1_c.jpg"", ""flickr_page"": ""https://www.flickr.com/photos/70202166@N00/2416108619"", ""camera"": ""Fujifilm FinePix S5Pro"", ""create_date"": ""2008:04:13 11:15:27"", ""lens_model"": """", ""iso"": ""400"", ""exposure_time"": ""1/100"", ""exposure_program"": ""Manual"", ""exposure_compensation"": ""0"", ""aperture"": ""3.2"", ""focal_length"": ""28.0 mm"", ""focal_length_in35mm"": ""42 mm"", ""white_balance"": ""Manual"", ""metering_mode"": ""Multi-segment"", ""flash"": ""Off, Did not fire"", ""pageid"": ""7674""}"
2416108751|70202166@N00|7674|Fujifilm FinePix S5Pro|Fujifilm|70202166@N00_Fujifilm_2e10b77e.json|"{""id"": ""2416108751"", ""owner"": ""70202166@N00"", ""title"": ""DSCF3724"", ""realname"": """", ""ownername"": ""黑麵之路‧不由分說"", ""datetaken"": ""2008-04-13 11:15:28"", ""max_width"": 492, ""max_height"": 736, ""url_max"": ""https://live.staticflickr.com/2185/2416108751_68970531fa_c.jpg"", ""max_width_2000"": 492, ""max_height_2000"": 736, ""url_max_2000"": ""https://live.staticflickr.com/2185/2416108751_68970531fa_c.jpg"", ""flickr_page"": ""https://www.flickr.com/photos/70202166@N00/2416108751"", ""camera"": ""Fujifilm FinePix S5Pro"", ""create_date"": ""2008:04:13 11:15:28"", ""lens_model"": """", ""iso"": ""400"", ""exposure_time"": ""1/100"", ""exposure_program"": ""Manual"", ""exposure_compensation"": ""0"", ""aperture"": ""3.2"", ""focal_length"": ""26.0 mm"", ""focal_length_in35mm"": ""39 mm"", ""white_balance"": ""Manual"", ""metering_mode"": ""Multi-segment"", ""flash"": ""Off, Did not fire"", ""pageid"": ""7674""}"
2416108325|70202166@N00|7674|Fujifilm FinePix S5Pro|Fujifilm|70202166@N00_Fujifilm_2e10b77e.json|"{""id"": ""2416108325"", ""owner"": ""70202166@N00"", ""title"": ""DSCF3721"", ""realname"": """", ""ownername"": ""黑麵之路‧不由分說"", ""datetaken"": ""2008-04-13 11:15:20"", ""max_width"": 492, ""max_height"": 736, ""url_max"": ""https://live.staticflickr.com/3179/2416108325_10e6feb9ea_c.jpg"", ""max_width_2000"": 492, ""max_height_2000"": 736, ""url_max_2000"": ""https://live.staticflickr.com/3179/2416108325_10e6feb9ea_c.jpg"", ""flickr_page"": ""https://www.flickr.com/photos/70202166@N00/2416108325"", ""camera"": ""Fujifilm FinePix S5Pro"", ""create_date"": ""2008:04:13 11:15:20"", ""lens_model"": """", ""iso"": ""400"", ""exposure_time"": ""1/100"", ""exposure_program"": ""Manual"", ""exposure_compensation"": ""0"", ""aperture"": ""3.2"", ""focal_length"": ""26.0 mm"", ""focal_length_in35mm"": ""39 mm"", ""white_balance"": ""Manual"", ""metering_mode"": ""Multi-segment"", ""flash"": ""Off, Did not fire"", ""pageid"": ""7674""}"
2416925410|70202166@N00|7674|Fujifilm FinePix S5Pro|Fujifilm|70202166@N00_Fujifilm_2e10b77e.json|"{""id"": ""2416925410"", ""owner"": ""70202166@N00"", ""title"": ""DSCF3702"", ""realname"": """", ""ownername"": ""黑麵之路‧不由分說"", ""datetaken"": ""2008-04-13 11:12:57"", ""max_width"": 492, ""max_height"": 736, ""url_max"": ""https://live.staticflickr.com/2182/2416925410_8689590f51_c.jpg"", ""max_width_2000"": 492, ""max_height_2000"": 736, ""url_max_2000"": ""https://live.staticflickr.com/2182/2416925410_8689590f51_c.jpg"", ""flickr_page"": ""https://www.flickr.com/photos/70202166@N00/2416925410"", ""camera"": ""Fujifilm FinePix S5Pro"", ""create_date"": ""2008:04:13 11:12:57"", ""lens_model"": """", ""iso"": ""400"", ""exposure_time"": ""1/100"", ""exposure_program"": ""Manual"", ""exposure_compensation"": ""0"", ""aperture"": ""3.2"", ""focal_length"": ""27.0 mm"", ""focal_length_in35mm"": ""41 mm"", ""white_balance"": ""Manual"", ""metering_mode"": ""Multi-segment"", ""flash"": ""Off, Did not fire"", ""pageid"": ""7674""}"
2416925688|70202166@N00|7674|Fujifilm FinePix S5Pro|Fujifilm|70202166@N00_Fujifilm_2e10b77e.json|"{""id"": ""2416925688"", ""owner"": ""70202166@N00"", ""title"": ""DSCF3704"", ""realname"": """", ""ownername"": ""黑麵之路‧不由分說"", ""datetaken"": ""2008-04-13 11:13:00"", ""max_width"": 492, ""max_height"": 736, ""url_max"": ""https://live.staticflickr.com/2206/2416925688_672bff7e23_c.jpg"", ""max_width_2000"": 492, ""max_height_2000"": 736, ""url_max_2000"": ""https://live.staticflickr.com/2206/2416925688_672bff7e23_c.jpg"", ""flickr_page"": ""https://www.flickr.com/photos/70202166@N00/2416925688"", ""camera"": ""Fujifilm FinePix S5Pro"", ""create_date"": ""2008:04:13 11:13:00"", ""lens_model"": """", ""iso"": ""400"", ""exposure_time"": ""1/100"", ""exposure_program"": ""Manual"", ""exposure_compensation"": ""0"", ""aperture"": ""3.2"", ""focal_length"": ""27.0 mm"", ""focal_length_in35mm"": ""41 mm"", ""white_balance"": ""Manual"", ""metering_mode"": ""Multi-segment"", ""flash"": ""Off, Did not fire"", ""pageid"": ""7674""}"
2416926190|70202166@N00|7674|Fujifilm FinePix S5Pro|Fujifilm|70202166@N00_Fujifilm_2e10b77e.json|"{""id"": ""2416926190"", ""owner"": ""70202166@N00"", ""title"": ""DSCF3708"", ""realname"": """", ""ownername"": ""黑麵之路‧不由分說"", ""datetaken"": ""2008-04-13 11:13:09"", ""max_width"": 492, ""max_height"": 736, ""url_max"": ""https://live.staticflickr.com/3254/2416926190_55841d5515_c.jpg"", ""max_width_2000"": 492, ""max_height_2000"": 736, ""url_max_2000"": ""https://live.staticflickr.com/3254/2416926190_55841d5515_c.jpg"", ""flickr_page"": ""https://www.flickr.com/photos/70202166@N00/2416926190"", ""camera"": ""Fujifilm FinePix S5Pro"", ""create_date"": ""2008:04:13 11:13:09"", ""lens_model"": """", ""iso"": ""400"", ""exposure_time"": ""1/100"", ""exposure_program"": ""Manual"", ""exposure_compensation"": ""0"", ""aperture"": ""3.2"", ""focal_length"": ""34.0 mm"", ""focal_length_in35mm"": ""51 mm"", ""white_balance"": ""Manual"", ""metering_mode"": ""Multi-segment"", ""flash"": ""Off, Did not fire"", ""pageid"": ""7674""}"
2416926528|70202166@N00|7674|Fujifilm FinePix S5Pro|Fujifilm|70202166@N00_Fujifilm_2e10b77e.json|"{""id"": ""2416926528"", ""owner"": ""70202166@N00"", ""title"": ""DSCF3711"", ""realname"": """", ""ownername"": ""黑麵之路‧不由分說"", ""datetaken"": ""2008-04-13 11:13:23"", ""max_width"": 492, ""max_height"": 736, ""url_max"": ""https://live.staticflickr.com/2159/2416926528_abe80e9b90_c.jpg"", ""max_width_2000"": 492, ""max_height_2000"": 736, ""url_max_2000"": ""https://live.staticflickr.com/2159/2416926528_abe80e9b90_c.jpg"", ""flickr_page"": ""https://www.flickr.com/photos/70202166@N00/2416926528"", ""camera"": ""Fujifilm FinePix S5Pro"", ""create_date"": ""2008:04:13 11:13:23"", ""lens_model"": """", ""iso"": ""400"", ""exposure_time"": ""1/100"", ""exposure_program"": ""Manual"", ""exposure_compensation"": ""0"", ""aperture"": ""3.2"", ""focal_length"": ""32.0 mm"", ""focal_length_in35mm"": ""48 mm"", ""white_balance"": ""Manual"", ""metering_mode"": ""Multi-segment"", ""flash"": ""Off, Did not fire"", ""pageid"": ""7674""}"
2416926792|70202166@N00|7674|Fujifilm FinePix S5Pro|Fujifilm|70202166@N00_Fujifilm_2e10b77e.json|"{""id"": ""2416926792"", ""owner"": ""70202166@N00"", ""title"": ""DSCF3713"", ""realname"": """", ""ownername"": ""黑麵之路‧不由分說"", ""datetaken"": ""2008-04-13 11:13:38"", ""max_width"": 492, ""max_height"": 736, ""url_max"": ""https://live.staticflickr.com/2412/2416926792_ed245093dc_c.jpg"", ""max_width_2000"": 492, ""max_height_2000"": 736, ""url_max_2000"": ""https://live.staticflickr.com/2412/2416926792_ed245093dc_c.jpg"", ""flickr_page"": ""https://www.flickr.com/photos/70202166@N00/2416926792"", ""camera"": ""Fujifilm FinePix S5Pro"", ""create_date"": ""2008:04:13 11:13:38"", ""lens_model"": """", ""iso"": ""400"", ""exposure_time"": ""1/100"", ""exposure_program"": ""Manual"", ""exposure_compensation"": ""0"", ""aperture"": ""3.2"", ""focal_length"": ""35.0 mm"", ""focal_length_in35mm"": ""53 mm"", ""white_balance"": ""Manual"", ""metering_mode"": ""Multi-segment"", ""flash"": ""Off, Did not fire"", ""pageid"": ""7674""}"
2416926422|70202166@N00|7674|Fujifilm FinePix S5Pro|Fujifilm|70202166@N00_Fujifilm_2e10b77e.json|"{""id"": ""2416926422"", ""owner"": ""70202166@N00"", ""title"": ""DSCF3710"", ""realname"": """", ""ownername"": ""黑麵之路‧不由分說"", ""datetaken"": ""2008-04-13 11:13:22"", ""max_width"": 492, ""max_height"": 736, ""url_max"": ""https://live.staticflickr.com/2036/2416926422_40ea6a486c_c.jpg"", ""max_width_2000"": 492, ""max_height_2000"": 736, ""url_max_2000"": ""https://live.staticflickr.com/2036/2416926422_40ea6a486c_c.jpg"", ""flickr_page"": ""https://www.flickr.com/photos/70202166@N00/2416926422"", ""camera"": ""Fujifilm FinePix S5Pro"", ""create_date"": ""2008:04:13 11:13:22"", ""lens_model"": """", ""iso"": ""400"", ""exposure_time"": ""1/100"", ""exposure_program"": ""Manual"", ""exposure_compensation"": ""0"", ""aperture"": ""3.2"", ""focal_length"": ""34.0 mm"", ""focal_length_in35mm"": ""51 mm"", ""white_balance"": ""Manual"", ""metering_mode"": ""Multi-segment"", ""flash"": ""Off, Did not fire"", ""pageid"": ""7674""}"
2416926990|70202166@N00|7674|Fujifilm FinePix S5Pro|Fujifilm|70202166@N00_Fujifilm_2e10b77e.json|"{""id"": ""2416926990"", ""owner"": ""70202166@N00"", ""title"": ""DSCF3714"", ""realname"": """", ""ownername"": ""黑麵之路‧不由分說"", ""datetaken"": ""2008-04-13 11:13:41"", ""max_width"": 492, ""max_height"": 736, ""url_max"": ""https://live.staticflickr.com/2321/2416926990_da70f1fdf1_c.jpg"", ""max_width_2000"": 492, ""max_height_2000"": 736, ""url_max_2000"": ""https://live.staticflickr.com/2321/2416926990_da70f1fdf1_c.jpg"", ""flickr_page"": ""https://www.flickr.com/photos/70202166@N00/2416926990"", ""camera"": ""Fujifilm FinePix S5Pro"", ""create_date"": ""2008:04:13 11:13:41"", ""lens_model"": """", ""iso"": ""400"", ""exposure_time"": ""1/100"", ""exposure_program"": ""Manual"", ""exposure_compensation"": ""0"", ""aperture"": ""3.2"", ""focal_length"": ""58.0 mm"", ""focal_length_in35mm"": ""87 mm"", ""white_balance"": ""Manual"", ""metering_mode"": ""Multi-segment"", ""flash"": ""Off, Did not fire"", ""pageid"": ""7674""}"
2416102007|70202166@N00|7675|Fujifilm FinePix S5Pro|Fujifilm|70202166@N00_Fujifilm_2e10b77e.json|"{""id"": ""2416102007"", ""owner"": ""70202166@N00"", ""title"": ""DSCF3677"", ""realname"": """", ""ownername"": ""黑麵之路‧不由分說"", ""datetaken"": ""2008-04-13 11:09:55"", ""max_width"": 492, ""max_height"": 736, ""url_max"": ""https://live.staticflickr.com/2160/2416102007_61df084b2d_c.jpg"", ""max_width_2000"": 492, ""max_height_2000"": 736, ""url_max_2000"": ""https://live.staticflickr.com/2160/2416102007_61df084b2d_c.jpg"", ""flickr_page"": ""https://www.flickr.com/photos/70202166@N00/2416102007"", ""camera"": ""Fujifilm FinePix S5Pro"", ""create_date"": ""2008:04:13 11:09:55"", ""lens_model"": """", ""iso"": ""400"", ""exposure_time"": ""1/100"", ""exposure_program"": ""Manual"", ""exposure_compensation"": ""0"", ""aperture"": ""3.2"", ""focal_length"": ""38.0 mm"", ""focal_length_in35mm"": ""57 mm"", ""white_balance"": ""Manual"", ""metering_mode"": ""Multi-segment"", ""flash"": ""Off, Did not fire"", ""pageid"": ""7675""}"
2416103473|70202166@N00|7675|Fujifilm FinePix S5Pro|Fujifilm|70202166@N00_Fujifilm_2e10b77e.json|"{""id"": ""2416103473"", ""owner"": ""70202166@N00"", ""title"": ""DSCF3687"", ""realname"": """", ""ownername"": ""黑麵之路‧不由分說"", ""datetaken"": ""2008-04-13 11:10:29"", ""max_width"": 736, ""max_height"": 492, ""url_max"": ""https://live.staticflickr.com/3141/2416103473_ab7669c6bb_c.jpg"", ""max_width_2000"": 736, ""max_height_2000"": 492, ""url_max_2000"": ""https://live.staticflickr.com/3141/2416103473_ab7669c6bb_c.jpg"", ""flickr_page"": ""https://www.flickr.com/photos/70202166@N00/2416103473"", ""camera"": ""Fujifilm FinePix S5Pro"", ""create_date"": ""2008:04:13 11:10:29"", ""lens_model"": """", ""iso"": ""400"", ""exposure_time"": ""1/100"", ""exposure_program"": ""Manual"", ""exposure_compensation"": ""0"", ""aperture"": ""3.2"", ""focal_length"": ""24.0 mm"", ""focal_length_in35mm"": ""36 mm"", ""white_balance"": ""Manual"", ""metering_mode"": ""Multi-segment"", ""flash"": ""Off, Did not fire"", ""pageid"": ""7675""}"
2416101871|70202166@N00|7675|Fujifilm FinePix S5Pro|Fujifilm|70202166@N00_Fujifilm_2e10b77e.json|"{""id"": ""2416101871"", ""owner"": ""70202166@N00"", ""title"": ""DSCF3676"", ""realname"": """", ""ownername"": ""黑麵之路‧不由分說"", ""datetaken"": ""2008-04-13 11:09:52"", ""max_width"": 492, ""max_height"": 736, ""url_max"": ""https://live.staticflickr.com/2303/2416101871_558026d12f_c.jpg"", ""max_width_2000"": 492, ""max_height_2000"": 736, ""url_max_2000"": ""https://live.staticflickr.com/2303/2416101871_558026d12f_c.jpg"", ""flickr_page"": ""https://www.flickr.com/photos/70202166@N00/2416101871"", ""camera"": ""Fujifilm FinePix S5Pro"", ""create_date"": ""2008:04:13 11:09:52"", ""lens_model"": """", ""iso"": ""400"", ""exposure_time"": ""1/100"", ""exposure_program"": ""Manual"", ""exposure_compensation"": ""0"", ""aperture"": ""3.2"", ""focal_length"": ""31.0 mm"", ""focal_length_in35mm"": ""47 mm"", ""white_balance"": ""Manual"", ""metering_mode"": ""Multi-segment"", ""flash"": ""Off, Did not fire"", ""pageid"": ""7675""}"
2416104073|70202166@N00|7675|Fujifilm FinePix S5Pro|Fujifilm|70202166@N00_Fujifilm_2e10b77e.json|"{""id"": ""2416104073"", ""owner"": ""70202166@N00"", ""title"": ""DSCF3690"", ""realname"": """", ""ownername"": ""黑麵之路‧不由分說"", ""datetaken"": ""2008-04-13 11:10:43"", ""max_width"": 492, ""max_height"": 736, ""url_max"": ""https://live.staticflickr.com/3080/2416104073_233242dc5d_c.jpg"", ""max_width_2000"": 492, ""max_height_2000"": 736, ""url_max_2000"": ""https://live.staticflickr.com/3080/2416104073_233242dc5d_c.jpg"", ""flickr_page"": ""https://www.flickr.com/photos/70202166@N00/2416104073"", ""camera"": ""Fujifilm FinePix S5Pro"", ""create_date"": ""2008:04:13 11:10:43"", ""lens_model"": """", ""iso"": ""400"", ""exposure_time"": ""1/100"", ""exposure_program"": ""Manual"", ""exposure_compensation"": ""0"", ""aperture"": ""3.2"", ""focal_length"": ""56.0 mm"", ""focal_length_in35mm"": ""84 mm"", ""white_balance"": ""Manual"", ""metering_mode"": ""Multi-segment"", ""flash"": ""Off, Did not fire"", ""pageid"": ""7675""}"
2416101739|70202166@N00|7675|Fujifilm FinePix S5Pro|Fujifilm|70202166@N00_Fujifilm_2e10b77e.json|"{""id"": ""2416101739"", ""owner"": ""70202166@N00"", ""title"": ""DSCF3675"", ""realname"": """", ""ownername"": ""黑麵之路‧不由分說"", ""datetaken"": ""2008-04-13 11:09:51"", ""max_width"": 492, ""max_height"": 736, ""url_max"": ""https://live.staticflickr.com/2230/2416101739_4a0a310beb_c.jpg"", ""max_width_2000"": 492, ""max_height_2000"": 736, ""url_max_2000"": ""https://live.staticflickr.com/2230/2416101739_4a0a310beb_c.jpg"", ""flickr_page"": ""https://www.flickr.com/photos/70202166@N00/2416101739"", ""camera"": ""Fujifilm FinePix S5Pro"", ""create_date"": ""2008:04:13 11:09:51"", ""lens_model"": """", ""iso"": ""400"", ""exposure_time"": ""1/100"", ""exposure_program"": ""Manual"", ""exposure_compensation"": ""0"", ""aperture"": ""3.2"", ""focal_length"": ""28.0 mm"", ""focal_length_in35mm"": ""42 mm"", ""white_balance"": ""Manual"", ""metering_mode"": ""Multi-segment"", ""flash"": ""Off, Did not fire"", ""pageid"": ""7675""}"
2416102989|70202166@N00|7675|Fujifilm FinePix S5Pro|Fujifilm|70202166@N00_Fujifilm_2e10b77e.json|"{""id"": ""2416102989"", ""owner"": ""70202166@N00"", ""title"": ""DSCF3683"", ""realname"": """", ""ownername"": ""黑麵之路‧不由分說"", ""datetaken"": ""2008-04-13 11:10:16"", ""max_width"": 492, ""max_height"": 736, ""url_max"": ""https://live.staticflickr.com/2029/2416102989_abb6e45d57_c.jpg"", ""max_width_2000"": 492, ""max_height_2000"": 736, ""url_max_2000"": ""https://live.staticflickr.com/2029/2416102989_abb6e45d57_c.jpg"", ""flickr_page"": ""https://www.flickr.com/photos/70202166@N00/2416102989"", ""camera"": ""Fujifilm FinePix S5Pro"", ""create_date"": ""2008:04:13 11:10:16"", ""lens_model"": """", ""iso"": ""400"", ""exposure_time"": ""1/100"", ""exposure_program"": ""Manual"", ""exposure_compensation"": ""0"", ""aperture"": ""3.2"", ""focal_length"": ""35.0 mm"", ""focal_length_in35mm"": ""53 mm"", ""white_balance"": ""Manual"", ""metering_mode"": ""Multi-segment"", ""flash"": ""Off, Did not fire"", ""pageid"": ""7675""}"
2416103705|70202166@N00|7675|Fujifilm FinePix S5Pro|Fujifilm|70202166@N00_Fujifilm_2e10b77e.json|"{""id"": ""2416103705"", ""owner"": ""70202166@N00"", ""title"": ""DSCF3688"", ""realname"": """", ""ownername"": ""黑麵之路‧不由分說"", ""datetaken"": ""2008-04-13 11:10:31"", ""max_width"": 736, ""max_height"": 492, ""url_max"": ""https://live.staticflickr.com/2001/2416103705_17481d847f_c.jpg"", ""max_width_2000"": 736, ""max_height_2000"": 492, ""url_max_2000"": ""https://live.staticflickr.com/2001/2416103705_17481d847f_c.jpg"", ""flickr_page"": ""https://www.flickr.com/photos/70202166@N00/2416103705"", ""camera"": ""Fujifilm FinePix S5Pro"", ""create_date"": ""2008:04:13 11:10:31"", ""lens_model"": """", ""iso"": ""400"", ""exposure_time"": ""1/100"", ""exposure_program"": ""Manual"", ""exposure_compensation"": ""0"", ""aperture"": ""3.2"", ""focal_length"": ""28.0 mm"", ""focal_length_in35mm"": ""42 mm"", ""white_balance"": ""Manual"", ""metering_mode"": ""Multi-segment"", ""flash"": ""Off, Did not fire"", ""pageid"": ""7675""}"
2416102175|70202166@N00|7675|Fujifilm FinePix S5Pro|Fujifilm|70202166@N00_Fujifilm_2e10b77e.json|"{""id"": ""2416102175"", ""owner"": ""70202166@N00"", ""title"": ""DSCF3678"", ""realname"": """", ""ownername"": ""黑麵之路‧不由分說"", ""datetaken"": ""2008-04-13 11:10:03"", ""max_width"": 492, ""max_height"": 736, ""url_max"": ""https://live.staticflickr.com/2097/2416102175_f016771ee4_c.jpg"", ""max_width_2000"": 492, ""max_height_2000"": 736, ""url_max_2000"": ""https://live.staticflickr.com/2097/2416102175_f016771ee4_c.jpg"", ""flickr_page"": ""https://www.flickr.com/photos/70202166@N00/2416102175"", ""camera"": ""Fujifilm FinePix S5Pro"", ""create_date"": ""2008:04:13 11:10:03"", ""lens_model"": """", ""iso"": ""400"", ""exposure_time"": ""1/100"", ""exposure_program"": ""Manual"", ""exposure_compensation"": ""0"", ""aperture"": ""3.2"", ""focal_length"": ""42.0 mm"", ""focal_length_in35mm"": ""63 mm"", ""white_balance"": ""Manual"", ""metering_mode"": ""Multi-segment"", ""flash"": ""Off, Did not fire"", ""pageid"": ""7675""}"
2416102837|70202166@N00|7675|Fujifilm FinePix S5Pro|Fujifilm|70202166@N00_Fujifilm_2e10b77e.json|"{""id"": ""2416102837"", ""owner"": ""70202166@N00"", ""title"": ""DSCF3682"", ""realname"": """", ""ownername"": ""黑麵之路‧不由分說"", ""datetaken"": ""2008-04-13 11:10:13"", ""max_width"": 492, ""max_height"": 736, ""url_max"": ""https://live.staticflickr.com/2327/2416102837_117e0968ff_c.jpg"", ""max_width_2000"": 492, ""max_height_2000"": 736, ""url_max_2000"": ""https://live.staticflickr.com/2327/2416102837_117e0968ff_c.jpg"", ""flickr_page"": ""https://www.flickr.com/photos/70202166@N00/2416102837"", ""camera"": ""Fujifilm FinePix S5Pro"", ""create_date"": ""2008:04:13 11:10:13"", ""lens_model"": """", ""iso"": ""400"", ""exposure_time"": ""1/100"", ""exposure_program"": ""Manual"", ""exposure_compensation"": ""0"", ""aperture"": ""3.2"", ""focal_length"": ""48.0 mm"", ""focal_length_in35mm"": ""72 mm"", ""white_balance"": ""Manual"", ""metering_mode"": ""Multi-segment"", ""flash"": ""Off, Did not fire"", ""pageid"": ""7675""}"
2416102311|70202166@N00|7675|Fujifilm FinePix S5Pro|Fujifilm|70202166@N00_Fujifilm_2e10b77e.json|"{""id"": ""2416102311"", ""owner"": ""70202166@N00"", ""title"": ""DSCF3679"", ""realname"": """", ""ownername"": ""黑麵之路‧不由分說"", ""datetaken"": ""2008-04-13 11:10:06"", ""max_width"": 492, ""max_height"": 736, ""url_max"": ""https://live.staticflickr.com/2301/2416102311_20462523d2_c.jpg"", ""max_width_2000"": 492, ""max_height_2000"": 736, ""url_max_2000"": ""https://live.staticflickr.com/2301/2416102311_20462523d2_c.jpg"", ""flickr_page"": ""https://www.flickr.com/photos/70202166@N00/2416102311"", ""camera"": ""Fujifilm FinePix S5Pro"", ""create_date"": ""2008:04:13 11:10:06"", ""lens_model"": """", ""iso"": ""400"", ""exposure_time"": ""1/100"", ""exposure_program"": ""Manual"", ""exposure_compensation"": ""0"", ""aperture"": ""3.2"", ""focal_length"": ""45.0 mm"", ""focal_length_in35mm"": ""68 mm"", ""white_balance"": ""Manual"", ""metering_mode"": ""Multi-segment"", ""flash"": ""Off, Did not fire"", ""pageid"": ""7675""}"
2416104381|70202166@N00|7675|Fujifilm FinePix S5Pro|Fujifilm|70202166@N00_Fujifilm_2e10b77e.json|"{""id"": ""2416104381"", ""owner"": ""70202166@N00"", ""title"": ""DSCF3692"", ""realname"": """", ""ownername"": ""黑麵之路‧不由分說"", ""datetaken"": ""2008-04-13 11:11:00"", ""max_width"": 492, ""max_height"": 736, ""url_max"": ""https://live.staticflickr.com/2383/2416104381_5481acf37c_c.jpg"", ""max_width_2000"": 492, ""max_height_2000"": 736, ""url_max_2000"": ""https://live.staticflickr.com/2383/2416104381_5481acf37c_c.jpg"", ""flickr_page"": ""https://www.flickr.com/photos/70202166@N00/2416104381"", ""camera"": ""Fujifilm FinePix S5Pro"", ""create_date"": ""2008:04:13 11:11:00"", ""lens_model"": """", ""iso"": ""400"", ""exposure_time"": ""1/100"", ""exposure_program"": ""Manual"", ""exposure_compensation"": ""0"", ""aperture"": ""3.2"", ""focal_length"": ""40.0 mm"", ""focal_length_in35mm"": ""60 mm"", ""white_balance"": ""Manual"", ""metering_mode"": ""Multi-segment"", ""flash"": ""Off, Did not fire"", ""pageid"": ""7675""}"
2416922926|70202166@N00|7675|Fujifilm FinePix S5Pro|Fujifilm|70202166@N00_Fujifilm_2e10b77e.json|"{""id"": ""2416922926"", ""owner"": ""70202166@N00"", ""title"": ""DSCF3685"", ""realname"": """", ""ownername"": ""黑麵之路‧不由分說"", ""datetaken"": ""2008-04-13 11:10:20"", ""max_width"": 736, ""max_height"": 492, ""url_max"": ""https://live.staticflickr.com/2113/2416922926_ac56785bd8_c.jpg"", ""max_width_2000"": 736, ""max_height_2000"": 492, ""url_max_2000"": ""https://live.staticflickr.com/2113/2416922926_ac56785bd8_c.jpg"", ""flickr_page"": ""https://www.flickr.com/photos/70202166@N00/2416922926"", ""camera"": ""Fujifilm FinePix S5Pro"", ""create_date"": ""2008:04:13 11:10:20"", ""lens_model"": """", ""iso"": ""400"", ""exposure_time"": ""1/100"", ""exposure_program"": ""Manual"", ""exposure_compensation"": ""0"", ""aperture"": ""3.2"", ""focal_length"": ""24.0 mm"", ""focal_length_in35mm"": ""36 mm"", ""white_balance"": ""Manual"", ""metering_mode"": ""Multi-segment"", ""flash"": ""Off, Did not fire"", ""pageid"": ""7675""}"
2416922802|70202166@N00|7675|Fujifilm FinePix S5Pro|Fujifilm|70202166@N00_Fujifilm_2e10b77e.json|"{""id"": ""2416922802"", ""owner"": ""70202166@N00"", ""title"": ""DSCF3684"", ""realname"": """", ""ownername"": ""黑麵之路‧不由分說"", ""datetaken"": ""2008-04-13 11:10:18"", ""max_width"": 492, ""max_height"": 736, ""url_max"": ""https://live.staticflickr.com/3207/2416922802_c6d7a25ffa_c.jpg"", ""max_width_2000"": 492, ""max_height_2000"": 736, ""url_max_2000"": ""https://live.staticflickr.com/3207/2416922802_c6d7a25ffa_c.jpg"", ""flickr_page"": ""https://www.flickr.com/photos/70202166@N00/2416922802"", ""camera"": ""Fujifilm FinePix S5Pro"", ""create_date"": ""2008:04:13 11:10:18"", ""lens_model"": """", ""iso"": ""400"", ""exposure_time"": ""1/100"", ""exposure_program"": ""Manual"", ""exposure_compensation"": ""0"", ""aperture"": ""3.2"", ""focal_length"": ""32.0 mm"", ""focal_length_in35mm"": ""48 mm"", ""white_balance"": ""Manual"", ""metering_mode"": ""Multi-segment"", ""flash"": ""Off, Did not fire"", ""pageid"": ""7675""}"
2416104557|70202166@N00|7675|Fujifilm FinePix S5Pro|Fujifilm|70202166@N00_Fujifilm_2e10b77e.json|"{""id"": ""2416104557"", ""owner"": ""70202166@N00"", ""title"": ""DSCF3693"", ""realname"": """", ""ownername"": ""黑麵之路‧不由分說"", ""datetaken"": ""2008-04-13 11:11:01"", ""max_width"": 492, ""max_height"": 736, ""url_max"": ""https://live.staticflickr.com/2416/2416104557_2a86cf653e_c.jpg"", ""max_width_2000"": 492, ""max_height_2000"": 736, ""url_max_2000"": ""https://live.staticflickr.com/2416/2416104557_2a86cf653e_c.jpg"", ""flickr_page"": ""https://www.flickr.com/photos/70202166@N00/2416104557"", ""camera"": ""Fujifilm FinePix S5Pro"", ""create_date"": ""2008:04:13 11:11:01"", ""lens_model"": """", ""iso"": ""400"", ""exposure_time"": ""1/100"", ""exposure_program"": ""Manual"", ""exposure_compensation"": ""0"", ""aperture"": ""3.2"", ""focal_length"": ""36.0 mm"", ""focal_length_in35mm"": ""54 mm"", ""white_balance"": ""Manual"", ""metering_mode"": ""Multi-segment"", ""flash"": ""Off, Did not fire"", ""pageid"": ""7675""}"
2416105351|70202166@N00|7675|Fujifilm FinePix S5Pro|Fujifilm|70202166@N00_Fujifilm_2e10b77e.json|"{""id"": ""2416105351"", ""owner"": ""70202166@N00"", ""title"": ""DSCF3699"", ""realname"": """", ""ownername"": ""黑麵之路‧不由分說"", ""datetaken"": ""2008-04-13 11:12:50"", ""max_width"": 492, ""max_height"": 736, ""url_max"": ""https://live.staticflickr.com/3079/2416105351_d43f090344_c.jpg"", ""max_width_2000"": 492, ""max_height_2000"": 736, ""url_max_2000"": ""https://live.staticflickr.com/3079/2416105351_d43f090344_c.jpg"", ""flickr_page"": ""https://www.flickr.com/photos/70202166@N00/2416105351"", ""camera"": ""Fujifilm FinePix S5Pro"", ""create_date"": ""2008:04:13 11:12:50"", ""lens_model"": """", ""iso"": ""400"", ""exposure_time"": ""1/100"", ""exposure_program"": ""Manual"", ""exposure_compensation"": ""0"", ""aperture"": ""3.2"", ""focal_length"": ""27.0 mm"", ""focal_length_in35mm"": ""41 mm"", ""white_balance"": ""Manual"", ""metering_mode"": ""Multi-segment"", ""flash"": ""Off, Did not fire"", ""pageid"": ""7675""}"
2416923558|70202166@N00|7675|Fujifilm FinePix S5Pro|Fujifilm|70202166@N00_Fujifilm_2e10b77e.json|"{""id"": ""2416923558"", ""owner"": ""70202166@N00"", ""title"": ""DSCF3689"", ""realname"": """", ""ownername"": ""黑麵之路‧不由分說"", ""datetaken"": ""2008-04-13 11:10:33"", ""max_width"": 736, ""max_height"": 492, ""url_max"": ""https://live.staticflickr.com/2372/2416923558_32fd7be6b2_c.jpg"", ""max_width_2000"": 736, ""max_height_2000"": 492, ""url_max_2000"": ""https://live.staticflickr.com/2372/2416923558_32fd7be6b2_c.jpg"", ""flickr_page"": ""https://www.flickr.com/photos/70202166@N00/2416923558"", ""camera"": ""Fujifilm FinePix S5Pro"", ""create_date"": ""2008:04:13 11:10:33"", ""lens_model"": """", ""iso"": ""400"", ""exposure_time"": ""1/100"", ""exposure_program"": ""Manual"", ""exposure_compensation"": ""0"", ""aperture"": ""3.2"", ""focal_length"": ""28.0 mm"", ""focal_length_in35mm"": ""42 mm"", ""white_balance"": ""Manual"", ""metering_mode"": ""Multi-segment"", ""flash"": ""Off, Did not fire"", ""pageid"": ""7675""}"
2416923046|70202166@N00|7675|Fujifilm FinePix S5Pro|Fujifilm|70202166@N00_Fujifilm_2e10b77e.json|"{""id"": ""2416923046"", ""owner"": ""70202166@N00"", ""title"": ""DSCF3686"", ""realname"": """", ""ownername"": ""黑麵之路‧不由分說"", ""datetaken"": ""2008-04-13 11:10:23"", ""max_width"": 736, ""max_height"": 492, ""url_max"": ""https://live.staticflickr.com/2197/2416923046_1906052250_c.jpg"", ""max_width_2000"": 736, ""max_height_2000"": 492, ""url_max_2000"": ""https://live.staticflickr.com/2197/2416923046_1906052250_c.jpg"", ""flickr_page"": ""https://www.flickr.com/photos/70202166@N00/2416923046"", ""camera"": ""Fujifilm FinePix S5Pro"", ""create_date"": ""2008:04:13 11:10:23"", ""lens_model"": """", ""iso"": ""400"", ""exposure_time"": ""1/100"", ""exposure_program"": ""Manual"", ""exposure_compensation"": ""0"", ""aperture"": ""3.2"", ""focal_length"": ""24.0 mm"", ""focal_length_in35mm"": ""36 mm"", ""white_balance"": ""Manual"", ""metering_mode"": ""Multi-segment"", ""flash"": ""Off, Did not fire"", ""pageid"": ""7675""}"
2416922248|70202166@N00|7675|Fujifilm FinePix S5Pro|Fujifilm|70202166@N00_Fujifilm_2e10b77e.json|"{""id"": ""2416922248"", ""owner"": ""70202166@N00"", ""title"": ""DSCF3681"", ""realname"": """", ""ownername"": ""黑麵之路‧不由分說"", ""datetaken"": ""2008-04-13 11:10:09"", ""max_width"": 492, ""max_height"": 736, ""url_max"": ""https://live.staticflickr.com/3105/2416922248_8da8063d23_c.jpg"", ""max_width_2000"": 492, ""max_height_2000"": 736, ""url_max_2000"": ""https://live.staticflickr.com/3105/2416922248_8da8063d23_c.jpg"", ""flickr_page"": ""https://www.flickr.com/photos/70202166@N00/2416922248"", ""camera"": ""Fujifilm FinePix S5Pro"", ""create_date"": ""2008:04:13 11:10:09"", ""lens_model"": """", ""iso"": ""400"", ""exposure_time"": ""1/100"", ""exposure_program"": ""Manual"", ""exposure_compensation"": ""0"", ""aperture"": ""3.2"", ""focal_length"": ""70.0 mm"", ""focal_length_in35mm"": ""105 mm"", ""white_balance"": ""Manual"", ""metering_mode"": ""Multi-segment"", ""flash"": ""Off, Did not fire"", ""pageid"": ""7675""}"
2416104975|70202166@N00|7675|Fujifilm FinePix S5Pro|Fujifilm|70202166@N00_Fujifilm_2e10b77e.json|"{""id"": ""2416104975"", ""owner"": ""70202166@N00"", ""title"": ""DSCF3696"", ""realname"": """", ""ownername"": ""黑麵之路‧不由分說"", ""datetaken"": ""2008-04-13 11:11:07"", ""max_width"": 492, ""max_height"": 736, ""url_max"": ""https://live.staticflickr.com/2060/2416104975_8ba405a4e6_c.jpg"", ""max_width_2000"": 492, ""max_height_2000"": 736, ""url_max_2000"": ""https://live.staticflickr.com/2060/2416104975_8ba405a4e6_c.jpg"", ""flickr_page"": ""https://www.flickr.com/photos/70202166@N00/2416104975"", ""camera"": ""Fujifilm FinePix S5Pro"", ""create_date"": ""2008:04:13 11:11:07"", ""lens_model"": """", ""iso"": ""400"", ""exposure_time"": ""1/100"", ""exposure_program"": ""Manual"", ""exposure_compensation"": ""0"", ""aperture"": ""3.2"", ""focal_length"": ""48.0 mm"", ""focal_length_in35mm"": ""72 mm"", ""white_balance"": ""Manual"", ""metering_mode"": ""Multi-segment"", ""flash"": ""Off, Did not fire"", ""pageid"": ""7675""}"
2416922050|70202166@N00|7675|Fujifilm FinePix S5Pro|Fujifilm|70202166@N00_Fujifilm_2e10b77e.json|"{""id"": ""2416922050"", ""owner"": ""70202166@N00"", ""title"": ""DSCF3680"", ""realname"": """", ""ownername"": ""黑麵之路‧不由分說"", ""datetaken"": ""2008-04-13 11:10:08"", ""max_width"": 492, ""max_height"": 736, ""url_max"": ""https://live.staticflickr.com/2317/2416922050_218e8e901e_c.jpg"", ""max_width_2000"": 492, ""max_height_2000"": 736, ""url_max_2000"": ""https://live.staticflickr.com/2317/2416922050_218e8e901e_c.jpg"", ""flickr_page"": ""https://www.flickr.com/photos/70202166@N00/2416922050"", ""camera"": ""Fujifilm FinePix S5Pro"", ""create_date"": ""2008:04:13 11:10:08"", ""lens_model"": """", ""iso"": ""400"", ""exposure_time"": ""1/100"", ""exposure_program"": ""Manual"", ""exposure_compensation"": ""0"", ""aperture"": ""3.2"", ""focal_length"": ""44.0 mm"", ""focal_length_in35mm"": ""66 mm"", ""white_balance"": ""Manual"", ""metering_mode"": ""Multi-segment"", ""flash"": ""Off, Did not fire"", ""pageid"": ""7675""}"
2416923948|70202166@N00|7675|Fujifilm FinePix S5Pro|Fujifilm|70202166@N00_Fujifilm_2e10b77e.json|"{""id"": ""2416923948"", ""owner"": ""70202166@N00"", ""title"": ""DSCF3691"", ""realname"": """", ""ownername"": ""黑麵之路‧不由分說"", ""datetaken"": ""2008-04-13 11:10:58"", ""max_width"": 492, ""max_height"": 736, ""url_max"": ""https://live.staticflickr.com/2247/2416923948_0c65f08505_c.jpg"", ""max_width_2000"": 492, ""max_height_2000"": 736, ""url_max_2000"": ""https://live.staticflickr.com/2247/2416923948_0c65f08505_c.jpg"", ""flickr_page"": ""https://www.flickr.com/photos/70202166@N00/2416923948"", ""camera"": ""Fujifilm FinePix S5Pro"", ""create_date"": ""2008:04:13 11:10:58"", ""lens_model"": """", ""iso"": ""400"", ""exposure_time"": ""1/100"", ""exposure_program"": ""Manual"", ""exposure_compensation"": ""0"", ""aperture"": ""3.2"", ""focal_length"": ""40.0 mm"", ""focal_length_in35mm"": ""60 mm"", ""white_balance"": ""Manual"", ""metering_mode"": ""Multi-segment"", ""flash"": ""Off, Did not fire"", ""pageid"": ""7675""}"
2416924352|70202166@N00|7675|Fujifilm FinePix S5Pro|Fujifilm|70202166@N00_Fujifilm_2e10b77e.json|"{""id"": ""2416924352"", ""owner"": ""70202166@N00"", ""title"": ""DSCF3694"", ""realname"": """", ""ownername"": ""黑麵之路‧不由分說"", ""datetaken"": ""2008-04-13 11:11:03"", ""max_width"": 492, ""max_height"": 736, ""url_max"": ""https://live.staticflickr.com/3193/2416924352_cbffb0a524_c.jpg"", ""max_width_2000"": 492, ""max_height_2000"": 736, ""url_max_2000"": ""https://live.staticflickr.com/3193/2416924352_cbffb0a524_c.jpg"", ""flickr_page"": ""https://www.flickr.com/photos/70202166@N00/2416924352"", ""camera"": ""Fujifilm FinePix S5Pro"", ""create_date"": ""2008:04:13 11:11:03"", ""lens_model"": """", ""iso"": ""400"", ""exposure_time"": ""1/100"", ""exposure_program"": ""Manual"", ""exposure_compensation"": ""0"", ""aperture"": ""3.2"", ""focal_length"": ""45.0 mm"", ""focal_length_in35mm"": ""68 mm"", ""white_balance"": ""Manual"", ""metering_mode"": ""Multi-segment"", ""flash"": ""Off, Did not fire"", ""pageid"": ""7675""}"
2416924920|70202166@N00|7675|Fujifilm FinePix S5Pro|Fujifilm|70202166@N00_Fujifilm_2e10b77e.json|"{""id"": ""2416924920"", ""owner"": ""70202166@N00"", ""title"": ""DSCF3698"", ""realname"": """", ""ownername"": ""黑麵之路‧不由分說"", ""datetaken"": ""2008-04-13 11:11:29"", ""max_width"": 492, ""max_height"": 736, ""url_max"": ""https://live.staticflickr.com/3187/2416924920_92252e19db_c.jpg"", ""max_width_2000"": 492, ""max_height_2000"": 736, ""url_max_2000"": ""https://live.staticflickr.com/3187/2416924920_92252e19db_c.jpg"", ""flickr_page"": ""https://www.flickr.com/photos/70202166@N00/2416924920"", ""camera"": ""Fujifilm FinePix S5Pro"", ""create_date"": ""2008:04:13 11:11:29"", ""lens_model"": """", ""iso"": ""400"", ""exposure_time"": ""1/100"", ""exposure_program"": ""Manual"", ""exposure_compensation"": ""0"", ""aperture"": ""3.2"", ""focal_length"": ""31.0 mm"", ""focal_length_in35mm"": ""47 mm"", ""white_balance"": ""Manual"", ""metering_mode"": ""Multi-segment"", ""flash"": ""Off, Did not fire"", ""pageid"": ""7675""}"
2416924778|70202166@N00|7675|Fujifilm FinePix S5Pro|Fujifilm|70202166@N00_Fujifilm_2e10b77e.json|"{""id"": ""2416924778"", ""owner"": ""70202166@N00"", ""title"": ""DSCF3697"", ""realname"": """", ""ownername"": ""黑麵之路‧不由分說"", ""datetaken"": ""2008-04-13 11:11:13"", ""max_width"": 492, ""max_height"": 736, ""url_max"": ""https://live.staticflickr.com/2355/2416924778_4a2a1dfd87_c.jpg"", ""max_width_2000"": 492, ""max_height_2000"": 736, ""url_max_2000"": ""https://live.staticflickr.com/2355/2416924778_4a2a1dfd87_c.jpg"", ""flickr_page"": ""https://www.flickr.com/photos/70202166@N00/2416924778"", ""camera"": ""Fujifilm FinePix S5Pro"", ""create_date"": ""2008:04:13 11:11:13"", ""lens_model"": """", ""iso"": ""400"", ""exposure_time"": ""1/100"", ""exposure_program"": ""Manual"", ""exposure_compensation"": ""0"", ""aperture"": ""3.2"", ""focal_length"": ""60.0 mm"", ""focal_length_in35mm"": ""90 mm"", ""white_balance"": ""Manual"", ""metering_mode"": ""Multi-segment"", ""flash"": ""Off, Did not fire"", ""pageid"": ""7675""}"
2416924506|70202166@N00|7675|Fujifilm FinePix S5Pro|Fujifilm|70202166@N00_Fujifilm_2e10b77e.json|"{""id"": ""2416924506"", ""owner"": ""70202166@N00"", ""title"": ""DSCF3695"", ""realname"": """", ""ownername"": ""黑麵之路‧不由分說"", ""datetaken"": ""2008-04-13 11:11:05"", ""max_width"": 492, ""max_height"": 736, ""url_max"": ""https://live.staticflickr.com/3225/2416924506_aaa21bf929_c.jpg"", ""max_width_2000"": 492, ""max_height_2000"": 736, ""url_max_2000"": ""https://live.staticflickr.com/3225/2416924506_aaa21bf929_c.jpg"", ""flickr_page"": ""https://www.flickr.com/photos/70202166@N00/2416924506"", ""camera"": ""Fujifilm FinePix S5Pro"", ""create_date"": ""2008:04:13 11:11:05"", ""lens_model"": """", ""iso"": ""400"", ""exposure_time"": ""1/100"", ""exposure_program"": ""Manual"", ""exposure_compensation"": ""0"", ""aperture"": ""3.2"", ""focal_length"": ""40.0 mm"", ""focal_length_in35mm"": ""60 mm"", ""white_balance"": ""Manual"", ""metering_mode"": ""Multi-segment"", ""flash"": ""Off, Did not fire"", ""pageid"": ""7675""}"
2416098525|70202166@N00|7676|Fujifilm FinePix S5Pro|Fujifilm|70202166@N00_Fujifilm_2e10b77e.json|"{""id"": ""2416098525"", ""owner"": ""70202166@N00"", ""title"": ""DSCF3650"", ""realname"": """", ""ownername"": ""黑麵之路‧不由分說"", ""datetaken"": ""2008-04-13 11:05:48"", ""max_width"": 492, ""max_height"": 736, ""url_max"": ""https://live.staticflickr.com/3073/2416098525_ff19a3c902_c.jpg"", ""max_width_2000"": 492, ""max_height_2000"": 736, ""url_max_2000"": ""https://live.staticflickr.com/3073/2416098525_ff19a3c902_c.jpg"", ""flickr_page"": ""https://www.flickr.com/photos/70202166@N00/2416098525"", ""camera"": ""Fujifilm FinePix S5Pro"", ""create_date"": ""2008:04:13 11:05:48"", ""lens_model"": """", ""iso"": ""400"", ""exposure_time"": ""1/100"", ""exposure_program"": ""Manual"", ""exposure_compensation"": ""0"", ""aperture"": ""2.8"", ""focal_length"": ""27.0 mm"", ""focal_length_in35mm"": ""41 mm"", ""white_balance"": ""Manual"", ""metering_mode"": ""Multi-segment"", ""flash"": ""Off, Did not fire"", ""pageid"": ""7676""}"
2416098773|70202166@N00|7676|Fujifilm FinePix S5Pro|Fujifilm|70202166@N00_Fujifilm_2e10b77e.json|"{""id"": ""2416098773"", ""owner"": ""70202166@N00"", ""title"": ""DSCF3652"", ""realname"": """", ""ownername"": ""黑麵之路‧不由分說"", ""datetaken"": ""2008-04-13 11:05:57"", ""max_width"": 492, ""max_height"": 736, ""url_max"": ""https://live.staticflickr.com/3205/2416098773_148ffac27f_c.jpg"", ""max_width_2000"": 492, ""max_height_2000"": 736, ""url_max_2000"": ""https://live.staticflickr.com/3205/2416098773_148ffac27f_c.jpg"", ""flickr_page"": ""https://www.flickr.com/photos/70202166@N00/2416098773"", ""camera"": ""Fujifilm FinePix S5Pro"", ""create_date"": ""2008:04:13 11:05:57"", ""lens_model"": """", ""iso"": ""400"", ""exposure_time"": ""1/100"", ""exposure_program"": ""Manual"", ""exposure_compensation"": ""0"", ""aperture"": ""2.8"", ""focal_length"": ""26.0 mm"", ""focal_length_in35mm"": ""39 mm"", ""white_balance"": ""Manual"", ""metering_mode"": ""Multi-segment"", ""flash"": ""Off, Did not fire"", ""pageid"": ""7676""}"
2416100407|70202166@N00|7676|Fujifilm FinePix S5Pro|Fujifilm|70202166@N00_Fujifilm_2e10b77e.json|"{""id"": ""2416100407"", ""owner"": ""70202166@N00"", ""title"": ""DSCF3665"", ""realname"": """", ""ownername"": ""黑麵之路‧不由分說"", ""datetaken"": ""2008-04-13 11:07:03"", ""max_width"": 492, ""max_height"": 736, ""url_max"": ""https://live.staticflickr.com/2196/2416100407_f9a9bfca5e_c.jpg"", ""max_width_2000"": 492, ""max_height_2000"": 736, ""url_max_2000"": ""https://live.staticflickr.com/2196/2416100407_f9a9bfca5e_c.jpg"", ""flickr_page"": ""https://www.flickr.com/photos/70202166@N00/2416100407"", ""camera"": ""Fujifilm FinePix S5Pro"", ""create_date"": ""2008:04:13 11:07:03"", ""lens_model"": """", ""iso"": ""400"", ""exposure_time"": ""1/100"", ""exposure_program"": ""Manual"", ""exposure_compensation"": ""0"", ""aperture"": ""2.8"", ""focal_length"": ""29.0 mm"", ""focal_length_in35mm"": ""44 mm"", ""white_balance"": ""Manual"", ""metering_mode"": ""Multi-segment"", ""flash"": ""Off, Did not fire"", ""pageid"": ""7676""}"
2416100547|70202166@N00|7676|Fujifilm FinePix S5Pro|Fujifilm|70202166@N00_Fujifilm_2e10b77e.json|"{""id"": ""2416100547"", ""owner"": ""70202166@N00"", ""title"": ""DSCF3666"", ""realname"": """", ""ownername"": ""黑麵之路‧不由分說"", ""datetaken"": ""2008-04-13 11:07:06"", ""max_width"": 492, ""max_height"": 736, ""url_max"": ""https://live.staticflickr.com/3148/2416100547_10a1d7b47c_c.jpg"", ""max_width_2000"": 492, ""max_height_2000"": 736, ""url_max_2000"": ""https://live.staticflickr.com/3148/2416100547_10a1d7b47c_c.jpg"", ""flickr_page"": ""https://www.flickr.com/photos/70202166@N00/2416100547"", ""camera"": ""Fujifilm FinePix S5Pro"", ""create_date"": ""2008:04:13 11:07:06"", ""lens_model"": """", ""iso"": ""400"", ""exposure_time"": ""1/100"", ""exposure_program"": ""Manual"", ""exposure_compensation"": ""0"", ""aperture"": ""2.8"", ""focal_length"": ""26.0 mm"", ""focal_length_in35mm"": ""39 mm"", ""white_balance"": ""Manual"", ""metering_mode"": ""Multi-segment"", ""flash"": ""Off, Did not fire"", ""pageid"": ""7676""}"
2416101005|70202166@N00|7676|Fujifilm FinePix S5Pro|Fujifilm|70202166@N00_Fujifilm_2e10b77e.json|"{""id"": ""2416101005"", ""owner"": ""70202166@N00"", ""title"": ""DSCF3669"", ""realname"": """", ""ownername"": ""黑麵之路‧不由分說"", ""datetaken"": ""2008-04-13 11:07:20"", ""max_width"": 492, ""max_height"": 736, ""url_max"": ""https://live.staticflickr.com/2267/2416101005_f0c321ac65_c.jpg"", ""max_width_2000"": 492, ""max_height_2000"": 736, ""url_max_2000"": ""https://live.staticflickr.com/2267/2416101005_f0c321ac65_c.jpg"", ""flickr_page"": ""https://www.flickr.com/photos/70202166@N00/2416101005"", ""camera"": ""Fujifilm FinePix S5Pro"", ""create_date"": ""2008:04:13 11:07:20"", ""lens_model"": """", ""iso"": ""400"", ""exposure_time"": ""1/100"", ""exposure_program"": ""Manual"", ""exposure_compensation"": ""0"", ""aperture"": ""2.8"", ""focal_length"": ""38.0 mm"", ""focal_length_in35mm"": ""57 mm"", ""white_balance"": ""Manual"", ""metering_mode"": ""Multi-segment"", ""flash"": ""Off, Did not fire"", ""pageid"": ""7676""}"
2416099197|70202166@N00|7676|Fujifilm FinePix S5Pro|Fujifilm|70202166@N00_Fujifilm_2e10b77e.json|"{""id"": ""2416099197"", ""owner"": ""70202166@N00"", ""title"": ""DSCF3655"", ""realname"": """", ""ownername"": ""黑麵之路‧不由分說"", ""datetaken"": ""2008-04-13 11:06:22"", ""max_width"": 492, ""max_height"": 736, ""url_max"": ""https://live.staticflickr.com/3146/2416099197_41d112d667_c.jpg"", ""max_width_2000"": 492, ""max_height_2000"": 736, ""url_max_2000"": ""https://live.staticflickr.com/3146/2416099197_41d112d667_c.jpg"", ""flickr_page"": ""https://www.flickr.com/photos/70202166@N00/2416099197"", ""camera"": ""Fujifilm FinePix S5Pro"", ""create_date"": ""2008:04:13 11:06:22"", ""lens_model"": """", ""iso"": ""400"", ""exposure_time"": ""1/100"", ""exposure_program"": ""Manual"", ""exposure_compensation"": ""0"", ""aperture"": ""2.8"", ""focal_length"": ""31.0 mm"", ""focal_length_in35mm"": ""47 mm"", ""white_balance"": ""Manual"", ""metering_mode"": ""Multi-segment"", ""flash"": ""Off, Did not fire"", ""pageid"": ""7676""}"
2416101239|70202166@N00|7676|Fujifilm FinePix S5Pro|Fujifilm|70202166@N00_Fujifilm_2e10b77e.json|"{""id"": ""2416101239"", ""owner"": ""70202166@N00"", ""title"": ""DSCF3671"", ""realname"": """", ""ownername"": ""黑麵之路‧不由分說"", ""datetaken"": ""2008-04-13 11:09:44"", ""max_width"": 492, ""max_height"": 736, ""url_max"": ""https://live.staticflickr.com/2180/2416101239_fb4d4823b8_c.jpg"", ""max_width_2000"": 492, ""max_height_2000"": 736, ""url_max_2000"": ""https://live.staticflickr.com/2180/2416101239_fb4d4823b8_c.jpg"", ""flickr_page"": ""https://www.flickr.com/photos/70202166@N00/2416101239"", ""camera"": ""Fujifilm FinePix S5Pro"", ""create_date"": ""2008:04:13 11:09:44"", ""lens_model"": """", ""iso"": ""400"", ""exposure_time"": ""1/100"", ""exposure_program"": ""Manual"", ""exposure_compensation"": ""0"", ""aperture"": ""3.2"", ""focal_length"": ""29.0 mm"", ""focal_length_in35mm"": ""44 mm"", ""white_balance"": ""Manual"", ""metering_mode"": ""Multi-segment"", ""flash"": ""Off, Did not fire"", ""pageid"": ""7676""}"
